Data si Ora	Minut	Secunda	EAR	Numar Clipiri	Rata Clipiri (clipiri/minut)
2024-11-20 12:48:54	48	54	0.47	0	0.0
2024-11-20 12:48:54	48	54	0.47	0	0.0
2024-11-20 12:48:54	48	54	0.46	0	0.0
2024-11-20 12:48:54	48	54	0.45	0	0.0
2024-11-20 12:48:54	48	54	0.46	0	0.0
2024-11-20 12:48:54	48	54	0.46	0	0.0
2024-11-20 12:48:54	48	54	0.46	0	0.0
2024-11-20 12:48:54	48	54	0.46	0	0.0
2024-11-20 12:48:55	48	55	0.46	0	0.0
2024-11-20 12:48:55	48	55	0.45	0	0.0
2024-11-20 12:48:55	48	55	0.44	0	0.0
2024-11-20 12:48:55	48	55	0.45	0	0.0
2024-11-20 12:48:55	48	55	0.46	0	0.0
2024-11-20 12:48:55	48	55	0.45	0	0.0
2024-11-20 12:48:55	48	55	0.46	0	0.0
2024-11-20 12:48:55	48	55	0.45	0	0.0
2024-11-20 12:48:55	48	55	0.46	0	0.0
2024-11-20 12:48:55	48	55	0.46	0	0.0
2024-11-20 12:48:55	48	55	0.46	0	0.0
2024-11-20 12:48:55	48	55	0.47	0	0.0
2024-11-20 12:48:55	48	55	0.47	0	0.0
2024-11-20 12:48:55	48	55	0.46	0	0.0
2024-11-20 12:48:55	48	55	0.48	0	0.0
2024-11-20 12:48:55	48	55	0.48	0	0.0
2024-11-20 12:48:55	48	55	0.48	0	0.0
2024-11-20 12:48:55	48	55	0.45	0	0.0
2024-11-20 12:48:55	48	55	0.45	0	0.0
2024-11-20 12:48:55	48	55	0.45	0	0.0
2024-11-20 12:48:55	48	55	0.45	0	0.0
2024-11-20 12:48:55	48	55	0.45	0	0.0
2024-11-20 12:48:55	48	55	0.45	0	0.0
2024-11-20 12:48:55	48	55	0.44	0	0.0
2024-11-20 12:48:55	48	55	0.44	0	0.0
2024-11-20 12:48:55	48	55	0.44	0	0.0
2024-11-20 12:48:55	48	55	0.44	0	0.0
2024-11-20 12:48:55	48	55	0.43	0	0.0
2024-11-20 12:48:55	48	55	0.43	0	0.0
2024-11-20 12:48:55	48	55	0.43	0	0.0
2024-11-20 12:48:56	48	56	0.43	0	0.0
2024-11-20 12:48:56	48	56	0.43	0	0.0
2024-11-20 12:48:56	48	56	0.43	0	0.0
2024-11-20 12:48:56	48	56	0.43	0	0.0
2024-11-20 12:48:56	48	56	0.43	0	0.0
2024-11-20 12:48:56	48	56	0.43	0	0.0
2024-11-20 12:48:56	48	56	0.42	0	0.0
2024-11-20 12:48:56	48	56	0.42	0	0.0
2024-11-20 12:48:56	48	56	0.42	0	0.0
2024-11-20 12:48:56	48	56	0.42	0	0.0
2024-11-20 12:48:56	48	56	0.42	0	0.0
2024-11-20 12:48:56	48	56	0.41	0	0.0
2024-11-20 12:48:56	48	56	0.41	0	0.0
2024-11-20 12:48:56	48	56	0.42	0	0.0
2024-11-20 12:48:56	48	56	0.42	0	0.0
2024-11-20 12:48:56	48	56	0.42	0	0.0
2024-11-20 12:48:56	48	56	0.42	0	0.0
2024-11-20 12:48:56	48	56	0.42	0	0.0
2024-11-20 12:48:56	48	56	0.42	0	0.0
2024-11-20 12:48:56	48	56	0.42	0	0.0
2024-11-20 12:48:56	48	56	0.41	0	0.0
2024-11-20 12:48:56	48	56	0.41	0	0.0
2024-11-20 12:48:56	48	56	0.41	0	0.0
2024-11-20 12:48:56	48	56	0.42	0	0.0
2024-11-20 12:48:56	48	56	0.41	0	0.0
2024-11-20 12:48:56	48	56	0.41	0	0.0
2024-11-20 12:48:56	48	56	0.42	0	0.0
2024-11-20 12:48:56	48	56	0.42	0	0.0
2024-11-20 12:48:56	48	56	0.41	0	0.0
2024-11-20 12:48:56	48	56	0.42	0	0.0
2024-11-20 12:48:56	48	56	0.38	0	0.0
2024-11-20 12:48:57	48	57	0.29	0	0.0
2024-11-20 12:48:57	48	57	0.3	0	0.0
2024-11-20 12:48:57	48	57	0.36	0	0.0
2024-11-20 12:48:57	48	57	0.39	0	0.0
2024-11-20 12:48:57	48	57	0.4	0	0.0
2024-11-20 12:48:57	48	57	0.4	0	0.0
2024-11-20 12:48:57	48	57	0.4	0	0.0
2024-11-20 12:48:57	48	57	0.41	0	0.0
2024-11-20 12:48:57	48	57	0.4	0	0.0
2024-11-20 12:48:57	48	57	0.41	0	0.0
2024-11-20 12:48:57	48	57	0.41	0	0.0
2024-11-20 12:48:57	48	57	0.41	0	0.0
2024-11-20 12:48:57	48	57	0.41	0	0.0
2024-11-20 12:48:57	48	57	0.41	0	0.0
2024-11-20 12:48:57	48	57	0.41	0	0.0
2024-11-20 12:48:57	48	57	0.41	0	0.0
2024-11-20 12:48:57	48	57	0.41	0	0.0
2024-11-20 12:48:57	48	57	0.4	0	0.0
2024-11-20 12:48:57	48	57	0.4	0	0.0
2024-11-20 12:48:57	48	57	0.4	0	0.0
2024-11-20 12:48:57	48	57	0.41	0	0.0
2024-11-20 12:48:57	48	57	0.4	0	0.0
2024-11-20 12:48:57	48	57	0.41	0	0.0
2024-11-20 12:48:57	48	57	0.41	0	0.0
2024-11-20 12:48:57	48	57	0.4	0	0.0
2024-11-20 12:48:57	48	57	0.4	0	0.0
2024-11-20 12:48:57	48	57	0.39	0	0.0
2024-11-20 12:48:57	48	57	0.3	0	0.0
2024-11-20 12:48:57	48	57	0.3	0	0.0
2024-11-20 12:48:58	48	58	0.33	0	0.0
2024-11-20 12:48:58	48	58	0.38	0	0.0
2024-11-20 12:48:58	48	58	0.4	0	0.0
2024-11-20 12:48:58	48	58	0.4	0	0.0
2024-11-20 12:48:58	48	58	0.4	0	0.0
2024-11-20 12:48:58	48	58	0.4	0	0.0
2024-11-20 12:48:58	48	58	0.4	0	0.0
2024-11-20 12:48:58	48	58	0.41	0	0.0
2024-11-20 12:48:58	48	58	0.41	0	0.0
2024-11-20 12:48:58	48	58	0.41	0	0.0
2024-11-20 12:48:58	48	58	0.4	0	0.0
2024-11-20 12:48:58	48	58	0.41	0	0.0
2024-11-20 12:48:58	48	58	0.41	0	0.0
2024-11-20 12:48:58	48	58	0.42	0	0.0
2024-11-20 12:48:58	48	58	0.42	0	0.0
2024-11-20 12:48:58	48	58	0.42	0	0.0
2024-11-20 12:48:58	48	58	0.43	0	0.0
2024-11-20 12:48:58	48	58	0.42	0	0.0
2024-11-20 12:48:58	48	58	0.42	0	0.0
2024-11-20 12:48:58	48	58	0.42	0	0.0
2024-11-20 12:48:58	48	58	0.42	0	0.0
2024-11-20 12:48:58	48	58	0.41	0	0.0
2024-11-20 12:48:58	48	58	0.34	0	0.0
2024-11-20 12:48:58	48	58	0.28	0	0.0
2024-11-20 12:48:58	48	58	0.27	0	0.0
2024-11-20 12:48:58	48	58	0.29	0	0.0
2024-11-20 12:48:58	48	58	0.33	1	0.0
2024-11-20 12:48:58	48	58	0.36	1	0.0
2024-11-20 12:48:58	48	58	0.36	1	0.0
2024-11-20 12:48:58	48	58	0.36	1	0.0
2024-11-20 12:48:59	48	59	0.36	1	0.0
2024-11-20 12:48:59	48	59	0.37	1	0.0
2024-11-20 12:48:59	48	59	0.37	1	0.0
2024-11-20 12:48:59	48	59	0.37	1	0.0
2024-11-20 12:48:59	48	59	0.37	1	0.0
2024-11-20 12:48:59	48	59	0.37	1	0.0
2024-11-20 12:48:59	48	59	0.38	1	0.0
2024-11-20 12:48:59	48	59	0.41	1	0.0
2024-11-20 12:48:59	48	59	0.44	1	0.0
2024-11-20 12:48:59	48	59	0.44	1	0.0
2024-11-20 12:48:59	48	59	0.44	1	0.0
2024-11-20 12:48:59	48	59	0.44	1	0.0
2024-11-20 12:48:59	48	59	0.43	1	0.0
2024-11-20 12:48:59	48	59	0.4	1	0.0
2024-11-20 12:48:59	48	59	0.31	1	0.0
2024-11-20 12:48:59	48	59	0.28	1	0.0
2024-11-20 12:48:59	48	59	0.35	1	0.0
2024-11-20 12:48:59	48	59	0.39	1	0.0
2024-11-20 12:48:59	48	59	0.41	1	0.0
2024-11-20 12:48:59	48	59	0.42	1	0.0
2024-11-20 12:48:59	48	59	0.42	1	0.0
2024-11-20 12:48:59	48	59	0.42	1	0.0
2024-11-20 12:48:59	48	59	0.42	1	0.0
2024-11-20 12:48:59	48	59	0.42	1	0.0
2024-11-20 12:48:59	48	59	0.42	1	0.0
2024-11-20 12:48:59	48	59	0.42	1	0.0
2024-11-20 12:48:59	48	59	0.42	1	0.0
2024-11-20 12:48:59	48	59	0.43	1	0.0
2024-11-20 12:48:59	48	59	0.43	1	0.0
2024-11-20 12:48:59	48	59	0.44	1	0.0
2024-11-20 12:49:00	49	0	0.44	1	0.0
2024-11-20 12:49:00	49	0	0.44	1	0.0
2024-11-20 12:49:00	49	0	0.44	1	0.0
2024-11-20 12:49:00	49	0	0.44	1	0.0
2024-11-20 12:49:00	49	0	0.44	1	0.0
2024-11-20 12:49:00	49	0	0.43	1	0.0
2024-11-20 12:49:00	49	0	0.4	1	0.0
2024-11-20 12:49:00	49	0	0.31	1	0.0
2024-11-20 12:49:00	49	0	0.3	1	0.0
2024-11-20 12:49:00	49	0	0.35	1	0.0
2024-11-20 12:49:00	49	0	0.4	1	0.0
2024-11-20 12:49:00	49	0	0.41	1	0.0
2024-11-20 12:49:00	49	0	0.42	1	0.0
2024-11-20 12:49:00	49	0	0.42	1	0.0
2024-11-20 12:49:00	49	0	0.42	1	0.0
2024-11-20 12:49:00	49	0	0.41	1	0.0
2024-11-20 12:49:00	49	0	0.42	1	0.0
2024-11-20 12:49:00	49	0	0.41	1	0.0
2024-11-20 12:49:00	49	0	0.42	1	0.0
2024-11-20 12:49:00	49	0	0.42	1	0.0
2024-11-20 12:49:00	49	0	0.42	1	0.0
2024-11-20 12:49:00	49	0	0.42	1	0.0
2024-11-20 12:49:00	49	0	0.41	1	0.0
2024-11-20 12:49:00	49	0	0.42	1	0.0
2024-11-20 12:49:00	49	0	0.42	1	0.0
2024-11-20 12:49:00	49	0	0.42	1	0.0
2024-11-20 12:49:00	49	0	0.43	1	0.0
2024-11-20 12:49:00	49	0	0.42	1	0.0
2024-11-20 12:49:00	49	0	0.41	1	0.0
2024-11-20 12:49:00	49	0	0.4	1	0.0
2024-11-20 12:49:00	49	0	0.34	1	0.0
2024-11-20 12:49:01	49	1	0.28	1	0.0
2024-11-20 12:49:01	49	1	0.27	1	0.0
2024-11-20 12:49:01	49	1	0.32	1	0.0
2024-11-20 12:49:01	49	1	0.37	2	0.0
2024-11-20 12:49:01	49	1	0.38	2	0.0
2024-11-20 12:49:01	49	1	0.38	2	0.0
2024-11-20 12:49:01	49	1	0.37	2	0.0
2024-11-20 12:49:01	49	1	0.38	2	0.0
2024-11-20 12:49:01	49	1	0.38	2	0.0
2024-11-20 12:49:01	49	1	0.38	2	0.0
2024-11-20 12:49:01	49	1	0.39	2	0.0
2024-11-20 12:49:01	49	1	0.38	2	0.0
2024-11-20 12:49:01	49	1	0.38	2	0.0
2024-11-20 12:49:01	49	1	0.38	2	0.0
2024-11-20 12:49:01	49	1	0.38	2	0.0
2024-11-20 12:49:01	49	1	0.38	2	0.0
2024-11-20 12:49:01	49	1	0.33	2	0.0
2024-11-20 12:49:01	49	1	0.26	2	0.0
2024-11-20 12:49:01	49	1	0.26	2	0.0
2024-11-20 12:49:01	49	1	0.27	2	0.0
2024-11-20 12:49:01	49	1	0.31	2	0.0
2024-11-20 12:49:01	49	1	0.35	3	0.0
2024-11-20 12:49:01	49	1	0.37	3	0.0
2024-11-20 12:49:01	49	1	0.37	3	0.0
2024-11-20 12:49:01	49	1	0.37	3	0.0
2024-11-20 12:49:01	49	1	0.38	3	0.0
2024-11-20 12:49:01	49	1	0.37	3	0.0
2024-11-20 12:49:01	49	1	0.37	3	0.0
2024-11-20 12:49:01	49	1	0.38	3	0.0
2024-11-20 12:49:02	49	2	0.38	3	0.0
2024-11-20 12:49:02	49	2	0.38	3	0.0
2024-11-20 12:49:02	49	2	0.38	3	0.0
2024-11-20 12:49:02	49	2	0.36	3	0.0
2024-11-20 12:49:02	49	2	0.28	3	0.0
2024-11-20 12:49:02	49	2	0.27	3	0.0
2024-11-20 12:49:02	49	2	0.27	3	0.0
2024-11-20 12:49:02	49	2	0.31	3	0.0
2024-11-20 12:49:02	49	2	0.35	4	0.0
2024-11-20 12:49:02	49	2	0.35	4	0.0
2024-11-20 12:49:02	49	2	0.36	4	0.0
2024-11-20 12:49:02	49	2	0.38	4	0.0
2024-11-20 12:49:02	49	2	0.38	4	0.0
2024-11-20 12:49:02	49	2	0.38	4	0.0
2024-11-20 12:49:02	49	2	0.38	4	0.0
2024-11-20 12:49:02	49	2	0.38	4	0.0
2024-11-20 12:49:02	49	2	0.38	4	0.0
2024-11-20 12:49:02	49	2	0.38	4	0.0
2024-11-20 12:49:02	49	2	0.38	4	0.0
2024-11-20 12:49:02	49	2	0.38	4	0.0
2024-11-20 12:49:02	49	2	0.38	4	0.0
2024-11-20 12:49:02	49	2	0.38	4	0.0
2024-11-20 12:49:02	49	2	0.38	4	0.0
2024-11-20 12:49:02	49	2	0.38	4	0.0
2024-11-20 12:49:02	49	2	0.38	4	0.0
2024-11-20 12:49:02	49	2	0.37	4	0.0
2024-11-20 12:49:02	49	2	0.28	4	0.0
2024-11-20 12:49:02	49	2	0.27	4	0.0
2024-11-20 12:49:02	49	2	0.28	4	0.0
2024-11-20 12:49:02	49	2	0.28	4	0.0
2024-11-20 12:49:02	49	2	0.33	4	0.0
2024-11-20 12:49:03	49	3	0.36	4	0.0
2024-11-20 12:49:03	49	3	0.37	4	0.0
2024-11-20 12:49:03	49	3	0.38	4	0.0
2024-11-20 12:49:03	49	3	0.37	4	0.0
2024-11-20 12:49:03	49	3	0.38	4	0.0
2024-11-20 12:49:03	49	3	0.38	4	0.0
2024-11-20 12:49:03	49	3	0.38	4	0.0
2024-11-20 12:49:03	49	3	0.38	4	0.0
2024-11-20 12:49:03	49	3	0.38	4	0.0
2024-11-20 12:49:03	49	3	0.38	4	0.0
2024-11-20 12:49:03	49	3	0.38	4	0.0
2024-11-20 12:49:03	49	3	0.38	4	0.0
2024-11-20 12:49:03	49	3	0.38	4	0.0
2024-11-20 12:49:03	49	3	0.38	4	0.0
2024-11-20 12:49:03	49	3	0.38	4	0.0
2024-11-20 12:49:03	49	3	0.38	4	0.0
2024-11-20 12:49:03	49	3	0.38	4	0.0
2024-11-20 12:49:03	49	3	0.38	4	0.0
2024-11-20 12:49:03	49	3	0.38	4	0.0
2024-11-20 12:49:03	49	3	0.35	4	0.0
2024-11-20 12:49:03	49	3	0.28	4	0.0
2024-11-20 12:49:03	49	3	0.27	4	0.0
2024-11-20 12:49:03	49	3	0.3	4	0.0
2024-11-20 12:49:03	49	3	0.33	4	0.0
2024-11-20 12:49:03	49	3	0.36	4	0.0
2024-11-20 12:49:03	49	3	0.37	4	0.0
2024-11-20 12:49:03	49	3	0.37	4	0.0
2024-11-20 12:49:03	49	3	0.37	4	0.0
2024-11-20 12:49:03	49	3	0.38	4	0.0
2024-11-20 12:49:03	49	3	0.38	4	0.0
2024-11-20 12:49:04	49	4	0.37	4	0.0
2024-11-20 12:49:04	49	4	0.38	4	0.0
2024-11-20 12:49:04	49	4	0.38	4	0.0
2024-11-20 12:49:04	49	4	0.38	4	0.0
2024-11-20 12:49:04	49	4	0.38	4	0.0
2024-11-20 12:49:04	49	4	0.38	4	0.0
2024-11-20 12:49:04	49	4	0.38	4	0.0
2024-11-20 12:49:04	49	4	0.37	4	0.0
2024-11-20 12:49:04	49	4	0.28	4	0.0
2024-11-20 12:49:04	49	4	0.26	4	0.0
2024-11-20 12:49:04	49	4	0.26	4	0.0
2024-11-20 12:49:04	49	4	0.32	5	0.0
2024-11-20 12:49:04	49	4	0.35	5	0.0
2024-11-20 12:49:04	49	4	0.37	5	0.0
2024-11-20 12:49:04	49	4	0.37	5	0.0
2024-11-20 12:49:04	49	4	0.37	5	0.0
2024-11-20 12:49:04	49	4	0.38	5	0.0
2024-11-20 12:49:04	49	4	0.38	5	0.0
2024-11-20 12:49:04	49	4	0.38	5	0.0
2024-11-20 12:49:04	49	4	0.38	5	0.0
2024-11-20 12:49:04	49	4	0.38	5	0.0
2024-11-20 12:49:04	49	4	0.38	5	0.0
2024-11-20 12:49:04	49	4	0.38	5	0.0
2024-11-20 12:49:04	49	4	0.38	5	0.0
2024-11-20 12:49:04	49	4	0.39	5	0.0
2024-11-20 12:49:04	49	4	0.38	5	0.0
2024-11-20 12:49:04	49	4	0.38	5	0.0
2024-11-20 12:49:04	49	4	0.38	5	0.0
2024-11-20 12:49:04	49	4	0.38	5	0.0
2024-11-20 12:49:05	49	5	0.39	5	0.0
2024-11-20 12:49:05	49	5	0.39	5	0.0
2024-11-20 12:49:05	49	5	0.39	5	0.0
2024-11-20 12:49:05	49	5	0.39	5	0.0
2024-11-20 12:49:05	49	5	0.39	5	0.0
2024-11-20 12:49:05	49	5	0.39	5	0.0
2024-11-20 12:49:05	49	5	0.39	5	0.0
2024-11-20 12:49:05	49	5	0.39	5	0.0
2024-11-20 12:49:05	49	5	0.38	5	0.0
2024-11-20 12:49:05	49	5	0.38	5	0.0
2024-11-20 12:49:05	49	5	0.38	5	0.0
2024-11-20 12:49:05	49	5	0.39	5	0.0
2024-11-20 12:49:05	49	5	0.39	5	0.0
2024-11-20 12:49:05	49	5	0.39	5	0.0
2024-11-20 12:49:05	49	5	0.39	5	0.0
2024-11-20 12:49:05	49	5	0.39	5	0.0
2024-11-20 12:49:05	49	5	0.39	5	0.0
2024-11-20 12:49:05	49	5	0.39	5	0.0
2024-11-20 12:49:05	49	5	0.38	5	0.0
2024-11-20 12:49:05	49	5	0.39	5	0.0
2024-11-20 12:49:05	49	5	0.38	5	0.0
2024-11-20 12:49:05	49	5	0.38	5	0.0
2024-11-20 12:49:05	49	5	0.38	5	0.0
2024-11-20 12:49:05	49	5	0.38	5	0.0
2024-11-20 12:49:05	49	5	0.38	5	0.0
2024-11-20 12:49:05	49	5	0.39	5	0.0
2024-11-20 12:49:05	49	5	0.39	5	0.0
2024-11-20 12:49:05	49	5	0.38	5	0.0
2024-11-20 12:49:05	49	5	0.39	5	0.0
2024-11-20 12:49:05	49	5	0.39	5	0.0
2024-11-20 12:49:06	49	6	0.38	5	0.0
2024-11-20 12:49:06	49	6	0.39	5	0.0
2024-11-20 12:49:06	49	6	0.38	5	0.0
2024-11-20 12:49:06	49	6	0.38	5	0.0
2024-11-20 12:49:06	49	6	0.38	5	0.0
2024-11-20 12:49:06	49	6	0.38	5	0.0
2024-11-20 12:49:06	49	6	0.38	5	0.0
2024-11-20 12:49:06	49	6	0.38	5	0.0
2024-11-20 12:49:06	49	6	0.37	5	0.0
2024-11-20 12:49:06	49	6	0.3	5	0.0
2024-11-20 12:49:06	49	6	0.27	5	0.0
2024-11-20 12:49:06	49	6	0.31	5	0.0
2024-11-20 12:49:06	49	6	0.34	6	0.0
2024-11-20 12:49:06	49	6	0.36	6	0.0
2024-11-20 12:49:06	49	6	0.37	6	0.0
2024-11-20 12:49:06	49	6	0.37	6	0.0
2024-11-20 12:49:06	49	6	0.37	6	0.0
2024-11-20 12:49:06	49	6	0.37	6	0.0
2024-11-20 12:49:06	49	6	0.38	6	0.0
2024-11-20 12:49:06	49	6	0.38	6	0.0
2024-11-20 12:49:06	49	6	0.38	6	0.0
2024-11-20 12:49:06	49	6	0.38	6	0.0
2024-11-20 12:49:06	49	6	0.38	6	0.0
2024-11-20 12:49:06	49	6	0.38	6	0.0
2024-11-20 12:49:06	49	6	0.38	6	0.0
2024-11-20 12:49:06	49	6	0.38	6	0.0
2024-11-20 12:49:06	49	6	0.38	6	0.0
2024-11-20 12:49:06	49	6	0.38	6	0.0
2024-11-20 12:49:06	49	6	0.38	6	0.0
2024-11-20 12:49:06	49	6	0.38	6	0.0
2024-11-20 12:49:06	49	6	0.38	6	0.0
2024-11-20 12:49:07	49	7	0.38	6	0.0
2024-11-20 12:49:07	49	7	0.38	6	0.0
2024-11-20 12:49:07	49	7	0.38	6	0.0
2024-11-20 12:49:07	49	7	0.38	6	0.0
2024-11-20 12:49:07	49	7	0.38	6	0.0
2024-11-20 12:49:07	49	7	0.38	6	0.0
2024-11-20 12:49:07	49	7	0.39	6	0.0
2024-11-20 12:49:07	49	7	0.38	6	0.0
2024-11-20 12:49:07	49	7	0.38	6	0.0
2024-11-20 12:49:07	49	7	0.38	6	0.0
2024-11-20 12:49:07	49	7	0.38	6	0.0
2024-11-20 12:49:07	49	7	0.38	6	0.0
2024-11-20 12:49:07	49	7	0.38	6	0.0
2024-11-20 12:49:07	49	7	0.39	6	0.0
2024-11-20 12:49:07	49	7	0.38	6	0.0
2024-11-20 12:49:07	49	7	0.39	6	0.0
2024-11-20 12:49:07	49	7	0.39	6	0.0
2024-11-20 12:49:07	49	7	0.39	6	0.0
2024-11-20 12:49:07	49	7	0.38	6	0.0
2024-11-20 12:49:07	49	7	0.38	6	0.0
2024-11-20 12:49:07	49	7	0.38	6	0.0
2024-11-20 12:49:07	49	7	0.38	6	0.0
2024-11-20 12:49:07	49	7	0.34	6	0.0
2024-11-20 12:49:07	49	7	0.27	6	0.0
2024-11-20 12:49:07	49	7	0.27	6	0.0
2024-11-20 12:49:07	49	7	0.33	6	0.0
2024-11-20 12:49:07	49	7	0.36	6	0.0
2024-11-20 12:49:07	49	7	0.38	6	0.0
2024-11-20 12:49:07	49	7	0.38	6	0.0
2024-11-20 12:49:08	49	8	0.38	6	0.0
2024-11-20 12:49:08	49	8	0.38	6	0.0
2024-11-20 12:49:08	49	8	0.38	6	0.0
2024-11-20 12:49:08	49	8	0.39	6	0.0
2024-11-20 12:49:08	49	8	0.39	6	0.0
2024-11-20 12:49:08	49	8	0.39	6	0.0
2024-11-20 12:49:08	49	8	0.38	6	0.0
2024-11-20 12:49:08	49	8	0.39	6	0.0
2024-11-20 12:49:08	49	8	0.39	6	0.0
2024-11-20 12:49:08	49	8	0.37	6	0.0
2024-11-20 12:49:08	49	8	0.28	6	0.0
2024-11-20 12:49:08	49	8	0.26	6	0.0
2024-11-20 12:49:08	49	8	0.27	6	0.0
2024-11-20 12:49:08	49	8	0.29	6	0.0
2024-11-20 12:49:08	49	8	0.34	7	0.0
2024-11-20 12:49:08	49	8	0.37	7	0.0
2024-11-20 12:49:08	49	8	0.37	7	0.0
2024-11-20 12:49:08	49	8	0.38	7	0.0
2024-11-20 12:49:08	49	8	0.38	7	0.0
2024-11-20 12:49:08	49	8	0.38	7	0.0
2024-11-20 12:49:08	49	8	0.38	7	0.0
2024-11-20 12:49:08	49	8	0.38	7	0.0
2024-11-20 12:49:08	49	8	0.38	7	0.0
2024-11-20 12:49:08	49	8	0.38	7	0.0
2024-11-20 12:49:08	49	8	0.38	7	0.0
2024-11-20 12:49:08	49	8	0.38	7	0.0
2024-11-20 12:49:08	49	8	0.38	7	0.0
2024-11-20 12:49:08	49	8	0.38	7	0.0
2024-11-20 12:49:08	49	8	0.38	7	0.0
2024-11-20 12:49:08	49	8	0.3	7	0.0
2024-11-20 12:49:09	49	9	0.27	7	0.0
2024-11-20 12:49:09	49	9	0.27	7	0.0
2024-11-20 12:49:09	49	9	0.29	7	0.0
2024-11-20 12:49:09	49	9	0.34	8	0.0
2024-11-20 12:49:09	49	9	0.36	8	0.0
2024-11-20 12:49:09	49	9	0.37	8	0.0
2024-11-20 12:49:09	49	9	0.37	8	0.0
2024-11-20 12:49:09	49	9	0.38	8	0.0
2024-11-20 12:49:09	49	9	0.38	8	0.0
2024-11-20 12:49:09	49	9	0.38	8	0.0
2024-11-20 12:49:09	49	9	0.38	8	0.0
2024-11-20 12:49:09	49	9	0.39	8	0.0
2024-11-20 12:49:09	49	9	0.39	8	0.0
2024-11-20 12:49:09	49	9	0.39	8	0.0
2024-11-20 12:49:09	49	9	0.38	8	0.0
2024-11-20 12:49:09	49	9	0.38	8	0.0
2024-11-20 12:49:09	49	9	0.38	8	0.0
2024-11-20 12:49:09	49	9	0.38	8	0.0
2024-11-20 12:49:09	49	9	0.38	8	0.0
2024-11-20 12:49:09	49	9	0.38	8	0.0
2024-11-20 12:49:09	49	9	0.38	8	0.0
2024-11-20 12:49:09	49	9	0.37	8	0.0
2024-11-20 12:49:09	49	9	0.38	8	0.0
2024-11-20 12:49:09	49	9	0.38	8	0.0
2024-11-20 12:49:09	49	9	0.37	8	0.0
2024-11-20 12:49:09	49	9	0.37	8	0.0
2024-11-20 12:49:09	49	9	0.37	8	0.0
2024-11-20 12:49:09	49	9	0.37	8	0.0
2024-11-20 12:49:09	49	9	0.37	8	0.0
2024-11-20 12:49:09	49	9	0.37	8	0.0
2024-11-20 12:49:10	49	10	0.37	8	0.0
2024-11-20 12:49:10	49	10	0.37	8	0.0
2024-11-20 12:49:10	49	10	0.37	8	0.0
2024-11-20 12:49:10	49	10	0.36	8	0.0
2024-11-20 12:49:10	49	10	0.36	8	0.0
2024-11-20 12:49:10	49	10	0.37	8	0.0
2024-11-20 12:49:10	49	10	0.37	8	0.0
2024-11-20 12:49:10	49	10	0.37	8	0.0
2024-11-20 12:49:10	49	10	0.36	8	0.0
2024-11-20 12:49:10	49	10	0.37	8	0.0
2024-11-20 12:49:10	49	10	0.37	8	0.0
2024-11-20 12:49:10	49	10	0.36	8	0.0
2024-11-20 12:49:10	49	10	0.36	8	0.0
2024-11-20 12:49:10	49	10	0.36	8	0.0
2024-11-20 12:49:10	49	10	0.36	8	0.0
2024-11-20 12:49:10	49	10	0.36	8	0.0
2024-11-20 12:49:10	49	10	0.36	8	0.0
2024-11-20 12:49:10	49	10	0.36	8	0.0
2024-11-20 12:49:10	49	10	0.36	8	0.0
2024-11-20 12:49:10	49	10	0.36	8	0.0
2024-11-20 12:49:10	49	10	0.36	8	0.0
2024-11-20 12:49:10	49	10	0.35	8	0.0
2024-11-20 12:49:10	49	10	0.35	8	0.0
2024-11-20 12:49:10	49	10	0.31	8	0.0
2024-11-20 12:49:10	49	10	0.31	8	0.0
2024-11-20 12:49:10	49	10	0.25	8	0.0
2024-11-20 12:49:10	49	10	0.26	8	0.0
2024-11-20 12:49:10	49	10	0.26	8	0.0
2024-11-20 12:49:10	49	10	0.3	8	0.0
2024-11-20 12:49:10	49	10	0.32	9	0.0
2024-11-20 12:49:10	49	10	0.34	9	0.0
2024-11-20 12:49:11	49	11	0.34	9	0.0
2024-11-20 12:49:11	49	11	0.34	9	0.0
2024-11-20 12:49:11	49	11	0.35	9	0.0
2024-11-20 12:49:11	49	11	0.36	9	0.0
2024-11-20 12:49:11	49	11	0.37	9	0.0
2024-11-20 12:49:11	49	11	0.39	9	0.0
2024-11-20 12:49:11	49	11	0.4	9	0.0
2024-11-20 12:49:11	49	11	0.4	9	0.0
2024-11-20 12:49:11	49	11	0.4	9	0.0
2024-11-20 12:49:11	49	11	0.41	9	0.0
2024-11-20 12:49:11	49	11	0.4	9	0.0
2024-11-20 12:49:11	49	11	0.4	9	0.0
2024-11-20 12:49:11	49	11	0.4	9	0.0
2024-11-20 12:49:11	49	11	0.4	9	0.0
2024-11-20 12:49:11	49	11	0.39	9	0.0
2024-11-20 12:49:11	49	11	0.32	9	0.0
2024-11-20 12:49:11	49	11	0.26	9	0.0
2024-11-20 12:49:11	49	11	0.26	9	0.0
2024-11-20 12:49:11	49	11	0.29	9	0.0
2024-11-20 12:49:11	49	11	0.33	9	0.0
2024-11-20 12:49:11	49	11	0.36	9	0.0
2024-11-20 12:49:11	49	11	0.37	9	0.0
2024-11-20 12:49:11	49	11	0.37	9	0.0
2024-11-20 12:49:11	49	11	0.37	9	0.0
2024-11-20 12:49:11	49	11	0.38	9	0.0
2024-11-20 12:49:11	49	11	0.38	9	0.0
2024-11-20 12:49:11	49	11	0.38	9	0.0
2024-11-20 12:49:11	49	11	0.38	9	0.0
2024-11-20 12:49:11	49	11	0.38	9	0.0
2024-11-20 12:49:12	49	12	0.37	9	0.0
2024-11-20 12:49:12	49	12	0.27	9	0.0
2024-11-20 12:49:12	49	12	0.26	9	0.0
2024-11-20 12:49:12	49	12	0.25	9	0.0
2024-11-20 12:49:12	49	12	0.26	9	0.0
2024-11-20 12:49:12	49	12	0.32	10	0.0
2024-11-20 12:49:12	49	12	0.35	10	0.0
2024-11-20 12:49:12	49	12	0.37	10	0.0
2024-11-20 12:49:12	49	12	0.37	10	0.0
2024-11-20 12:49:12	49	12	0.37	10	0.0
2024-11-20 12:49:12	49	12	0.38	10	0.0
2024-11-20 12:49:12	49	12	0.38	10	0.0
2024-11-20 12:49:12	49	12	0.39	10	0.0
2024-11-20 12:49:12	49	12	0.39	10	0.0
2024-11-20 12:49:12	49	12	0.39	10	0.0
2024-11-20 12:49:12	49	12	0.39	10	0.0
2024-11-20 12:49:12	49	12	0.38	10	0.0
2024-11-20 12:49:12	49	12	0.38	10	0.0
2024-11-20 12:49:12	49	12	0.35	10	0.0
2024-11-20 12:49:12	49	12	0.26	10	0.0
2024-11-20 12:49:12	49	12	0.25	10	0.0
2024-11-20 12:49:12	49	12	0.26	10	0.0
2024-11-20 12:49:12	49	12	0.31	10	0.0
2024-11-20 12:49:12	49	12	0.35	10	0.0
2024-11-20 12:49:12	49	12	0.37	10	0.0
2024-11-20 12:49:12	49	12	0.37	10	0.0
2024-11-20 12:49:12	49	12	0.37	10	0.0
2024-11-20 12:49:12	49	12	0.38	10	0.0
2024-11-20 12:49:12	49	12	0.38	10	0.0
2024-11-20 12:49:12	49	12	0.38	10	0.0
2024-11-20 12:49:13	49	13	0.36	10	0.0
2024-11-20 12:49:13	49	13	0.26	10	0.0
2024-11-20 12:49:13	49	13	0.26	10	0.0
2024-11-20 12:49:13	49	13	0.26	10	0.0
2024-11-20 12:49:13	49	13	0.26	10	0.0
2024-11-20 12:49:13	49	13	0.26	10	0.0
2024-11-20 12:49:13	49	13	0.31	11	0.0
2024-11-20 12:49:13	49	13	0.35	11	0.0
2024-11-20 12:49:13	49	13	0.37	11	0.0
2024-11-20 12:49:13	49	13	0.38	11	0.0
2024-11-20 12:49:13	49	13	0.38	11	0.0
2024-11-20 12:49:13	49	13	0.38	11	0.0
2024-11-20 12:49:13	49	13	0.38	11	0.0
2024-11-20 12:49:13	49	13	0.38	11	0.0
2024-11-20 12:49:13	49	13	0.39	11	0.0
2024-11-20 12:49:13	49	13	0.38	11	0.0
2024-11-20 12:49:13	49	13	0.39	11	0.0
2024-11-20 12:49:13	49	13	0.39	11	0.0
2024-11-20 12:49:13	49	13	0.39	11	0.0
2024-11-20 12:49:13	49	13	0.39	11	0.0
2024-11-20 12:49:13	49	13	0.33	11	0.0
2024-11-20 12:49:13	49	13	0.26	11	0.0
2024-11-20 12:49:13	49	13	0.26	11	0.0
2024-11-20 12:49:13	49	13	0.26	11	0.0
2024-11-20 12:49:13	49	13	0.27	11	0.0
2024-11-20 12:49:13	49	13	0.31	11	0.0
2024-11-20 12:49:13	49	13	0.35	11	0.0
2024-11-20 12:49:13	49	13	0.36	11	0.0
2024-11-20 12:49:13	49	13	0.38	11	0.0
2024-11-20 12:49:13	49	13	0.38	11	0.0
2024-11-20 12:49:14	49	14	0.38	11	0.0
2024-11-20 12:49:14	49	14	0.38	11	0.0
2024-11-20 12:49:14	49	14	0.38	11	0.0
2024-11-20 12:49:14	49	14	0.38	11	0.0
2024-11-20 12:49:14	49	14	0.38	11	0.0
2024-11-20 12:49:14	49	14	0.31	11	0.0
2024-11-20 12:49:14	49	14	0.25	11	0.0
2024-11-20 12:49:14	49	14	0.24	11	0.0
2024-11-20 12:49:14	49	14	0.25	11	0.0
2024-11-20 12:49:14	49	14	0.26	11	0.0
2024-11-20 12:49:14	49	14	0.33	12	0.0
2024-11-20 12:49:14	49	14	0.37	12	0.0
2024-11-20 12:49:14	49	14	0.37	12	0.0
2024-11-20 12:49:14	49	14	0.37	12	0.0
2024-11-20 12:49:14	49	14	0.38	12	0.0
2024-11-20 12:49:14	49	14	0.38	12	0.0
2024-11-20 12:49:14	49	14	0.38	12	0.0
2024-11-20 12:49:14	49	14	0.39	12	0.0
2024-11-20 12:49:14	49	14	0.38	12	0.0
2024-11-20 12:49:14	49	14	0.36	12	0.0
2024-11-20 12:49:14	49	14	0.25	12	0.0
2024-11-20 12:49:14	49	14	0.24	12	0.0
2024-11-20 12:49:14	49	14	0.24	12	0.0
2024-11-20 12:49:14	49	14	0.29	12	0.0
2024-11-20 12:49:14	49	14	0.33	13	0.0
2024-11-20 12:49:14	49	14	0.35	13	0.0
2024-11-20 12:49:14	49	14	0.36	13	0.0
2024-11-20 12:49:14	49	14	0.37	13	0.0
2024-11-20 12:49:14	49	14	0.37	13	0.0
2024-11-20 12:49:14	49	14	0.38	13	0.0
2024-11-20 12:49:14	49	14	0.38	13	0.0
2024-11-20 12:49:15	49	15	0.38	13	0.0
2024-11-20 12:49:15	49	15	0.38	13	0.0
2024-11-20 12:49:15	49	15	0.39	13	0.0
2024-11-20 12:49:15	49	15	0.39	13	0.0
2024-11-20 12:49:15	49	15	0.39	13	0.0
2024-11-20 12:49:15	49	15	0.39	13	0.0
2024-11-20 12:49:15	49	15	0.35	13	0.0
2024-11-20 12:49:15	49	15	0.24	13	0.0
2024-11-20 12:49:15	49	15	0.24	13	0.0
2024-11-20 12:49:15	49	15	0.24	13	0.0
2024-11-20 12:49:15	49	15	0.29	13	0.0
2024-11-20 12:49:15	49	15	0.34	14	0.0
2024-11-20 12:49:15	49	15	0.36	14	0.0
2024-11-20 12:49:15	49	15	0.37	14	0.0
2024-11-20 12:49:15	49	15	0.38	14	0.0
2024-11-20 12:49:15	49	15	0.38	14	0.0
2024-11-20 12:49:15	49	15	0.38	14	0.0
2024-11-20 12:49:15	49	15	0.38	14	0.0
2024-11-20 12:49:15	49	15	0.39	14	0.0
2024-11-20 12:49:15	49	15	0.39	14	0.0
2024-11-20 12:49:15	49	15	0.32	14	0.0
2024-11-20 12:49:15	49	15	0.24	14	0.0
2024-11-20 12:49:15	49	15	0.24	14	0.0
2024-11-20 12:49:15	49	15	0.23	14	0.0
2024-11-20 12:49:15	49	15	0.27	14	0.0
2024-11-20 12:49:15	49	15	0.33	15	0.0
2024-11-20 12:49:15	49	15	0.36	15	0.0
2024-11-20 12:49:15	49	15	0.37	15	0.0
2024-11-20 12:49:15	49	15	0.37	15	0.0
2024-11-20 12:49:16	49	16	0.38	15	0.0
2024-11-20 12:49:16	49	16	0.38	15	0.0
2024-11-20 12:49:16	49	16	0.38	15	0.0
2024-11-20 12:49:16	49	16	0.38	15	0.0
2024-11-20 12:49:16	49	16	0.37	15	0.0
2024-11-20 12:49:16	49	16	0.26	15	0.0
2024-11-20 12:49:16	49	16	0.24	15	0.0
2024-11-20 12:49:16	49	16	0.24	15	0.0
2024-11-20 12:49:16	49	16	0.27	15	0.0
2024-11-20 12:49:16	49	16	0.32	16	0.0
2024-11-20 12:49:16	49	16	0.35	16	0.0
2024-11-20 12:49:16	49	16	0.36	16	0.0
2024-11-20 12:49:16	49	16	0.37	16	0.0
2024-11-20 12:49:16	49	16	0.37	16	0.0
2024-11-20 12:49:16	49	16	0.38	16	0.0
2024-11-20 12:49:16	49	16	0.38	16	0.0
2024-11-20 12:49:16	49	16	0.38	16	0.0
2024-11-20 12:49:16	49	16	0.36	16	0.0
2024-11-20 12:49:16	49	16	0.25	16	0.0
2024-11-20 12:49:16	49	16	0.24	16	0.0
2024-11-20 12:49:16	49	16	0.24	16	0.0
2024-11-20 12:49:16	49	16	0.23	16	0.0
2024-11-20 12:49:16	49	16	0.27	16	0.0
2024-11-20 12:49:16	49	16	0.33	17	0.0
2024-11-20 12:49:16	49	16	0.37	17	0.0
2024-11-20 12:49:16	49	16	0.36	17	0.0
2024-11-20 12:49:16	49	16	0.28	17	0.0
2024-11-20 12:49:16	49	16	0.24	17	0.0
2024-11-20 12:49:16	49	16	0.24	17	0.0
2024-11-20 12:49:16	49	16	0.24	17	0.0
2024-11-20 12:49:17	49	17	0.29	18	0.0
2024-11-20 12:49:17	49	17	0.29	18	0.0
2024-11-20 12:49:17	49	17	0.35	18	0.0
2024-11-20 12:49:17	49	17	0.37	18	0.0
2024-11-20 12:49:17	49	17	0.37	18	0.0
2024-11-20 12:49:17	49	17	0.38	18	0.0
2024-11-20 12:49:17	49	17	0.38	18	0.0
2024-11-20 12:49:17	49	17	0.3	18	0.0
2024-11-20 12:49:17	49	17	0.24	18	0.0
2024-11-20 12:49:17	49	17	0.24	18	0.0
2024-11-20 12:49:17	49	17	0.24	18	0.0
2024-11-20 12:49:17	49	17	0.24	18	0.0
2024-11-20 12:49:17	49	17	0.29	18	0.0
2024-11-20 12:49:17	49	17	0.34	18	0.0
2024-11-20 12:49:17	49	17	0.36	18	0.0
2024-11-20 12:49:17	49	17	0.36	18	0.0
2024-11-20 12:49:17	49	17	0.34	18	0.0
2024-11-20 12:49:17	49	17	0.29	18	0.0
2024-11-20 12:49:17	49	17	0.24	18	0.0
2024-11-20 12:49:17	49	17	0.23	18	0.0
2024-11-20 12:49:17	49	17	0.24	18	0.0
2024-11-20 12:49:17	49	17	0.27	18	0.0
2024-11-20 12:49:17	49	17	0.34	18	0.0
2024-11-20 12:49:17	49	17	0.36	18	0.0
2024-11-20 12:49:17	49	17	0.36	18	0.0
2024-11-20 12:49:17	49	17	0.37	18	0.0
2024-11-20 12:49:17	49	17	0.33	18	0.0
2024-11-20 12:49:17	49	17	0.24	18	0.0
2024-11-20 12:49:17	49	17	0.24	18	0.0
2024-11-20 12:49:17	49	17	0.23	18	0.0
2024-11-20 12:49:17	49	17	0.27	18	0.0
2024-11-20 12:49:18	49	18	0.34	19	0.0
2024-11-20 12:49:18	49	18	0.36	19	0.0
2024-11-20 12:49:18	49	18	0.38	19	0.0
2024-11-20 12:49:18	49	18	0.38	19	0.0
2024-11-20 12:49:18	49	18	0.38	19	0.0
2024-11-20 12:49:18	49	18	0.39	19	0.0
2024-11-20 12:49:18	49	18	0.39	19	0.0
2024-11-20 12:49:18	49	18	0.39	19	0.0
2024-11-20 12:49:18	49	18	0.36	19	0.0
2024-11-20 12:49:18	49	18	0.25	19	0.0
2024-11-20 12:49:18	49	18	0.24	19	0.0
2024-11-20 12:49:18	49	18	0.23	19	0.0
2024-11-20 12:49:18	49	18	0.26	19	0.0
2024-11-20 12:49:18	49	18	0.34	20	0.0
2024-11-20 12:49:18	49	18	0.36	20	0.0
2024-11-20 12:49:18	49	18	0.35	20	0.0
2024-11-20 12:49:18	49	18	0.27	20	0.0
2024-11-20 12:49:18	49	18	0.24	20	0.0
2024-11-20 12:49:18	49	18	0.24	20	0.0
2024-11-20 12:49:18	49	18	0.25	20	0.0
2024-11-20 12:49:18	49	18	0.33	21	0.0
2024-11-20 12:49:18	49	18	0.36	21	0.0
2024-11-20 12:49:18	49	18	0.37	21	0.0
2024-11-20 12:49:18	49	18	0.37	21	0.0
2024-11-20 12:49:18	49	18	0.37	21	0.0
2024-11-20 12:49:18	49	18	0.37	21	0.0
2024-11-20 12:49:18	49	18	0.38	21	0.0
2024-11-20 12:49:18	49	18	0.38	21	0.0
2024-11-20 12:49:18	49	18	0.38	21	0.0
2024-11-20 12:49:18	49	18	0.38	21	0.0
2024-11-20 12:49:19	49	19	0.38	21	0.0
2024-11-20 12:49:19	49	19	0.38	21	0.0
2024-11-20 12:49:19	49	19	0.38	21	0.0
2024-11-20 12:49:19	49	19	0.38	21	0.0
2024-11-20 12:49:19	49	19	0.38	21	0.0
2024-11-20 12:49:19	49	19	0.38	21	0.0
2024-11-20 12:49:19	49	19	0.38	21	0.0
2024-11-20 12:49:19	49	19	0.38	21	0.0
2024-11-20 12:49:19	49	19	0.39	21	0.0
2024-11-20 12:49:19	49	19	0.38	21	0.0
2024-11-20 12:49:19	49	19	0.38	21	0.0
2024-11-20 12:49:19	49	19	0.38	21	0.0
2024-11-20 12:49:19	49	19	0.38	21	0.0
2024-11-20 12:49:19	49	19	0.38	21	0.0
2024-11-20 12:49:19	49	19	0.39	21	0.0
2024-11-20 12:49:19	49	19	0.38	21	0.0
2024-11-20 12:49:19	49	19	0.39	21	0.0
2024-11-20 12:49:19	49	19	0.38	21	0.0
2024-11-20 12:49:19	49	19	0.38	21	0.0
2024-11-20 12:49:19	49	19	0.38	21	0.0
2024-11-20 12:49:19	49	19	0.38	21	0.0
2024-11-20 12:49:19	49	19	0.28	21	0.0
2024-11-20 12:49:19	49	19	0.23	21	0.0
2024-11-20 12:49:19	49	19	0.24	21	0.0
2024-11-20 12:49:19	49	19	0.23	21	0.0
2024-11-20 12:49:19	49	19	0.28	21	0.0
2024-11-20 12:49:19	49	19	0.34	22	0.0
2024-11-20 12:49:19	49	19	0.37	22	0.0
2024-11-20 12:49:19	49	19	0.36	22	0.0
2024-11-20 12:49:20	49	20	0.38	22	0.0
2024-11-20 12:49:20	49	20	0.38	22	0.0
2024-11-20 12:49:20	49	20	0.39	22	0.0
2024-11-20 12:49:20	49	20	0.38	22	0.0
2024-11-20 12:49:20	49	20	0.39	22	0.0
2024-11-20 12:49:20	49	20	0.38	22	0.0
2024-11-20 12:49:20	49	20	0.38	22	0.0
2024-11-20 12:49:20	49	20	0.38	22	0.0
2024-11-20 12:49:20	49	20	0.38	22	0.0
2024-11-20 12:49:20	49	20	0.38	22	0.0
2024-11-20 12:49:20	49	20	0.38	22	0.0
2024-11-20 12:49:20	49	20	0.38	22	0.0
2024-11-20 12:49:20	49	20	0.38	22	0.0
2024-11-20 12:49:20	49	20	0.38	22	0.0
2024-11-20 12:49:20	49	20	0.38	22	0.0
2024-11-20 12:49:20	49	20	0.38	22	0.0
2024-11-20 12:49:20	49	20	0.39	22	0.0
2024-11-20 12:49:20	49	20	0.37	22	0.0
2024-11-20 12:49:20	49	20	0.24	22	0.0
2024-11-20 12:49:20	49	20	0.24	22	0.0
2024-11-20 12:49:20	49	20	0.24	22	0.0
2024-11-20 12:49:20	49	20	0.24	22	0.0
2024-11-20 12:49:20	49	20	0.25	22	0.0
2024-11-20 12:49:20	49	20	0.34	23	0.0
2024-11-20 12:49:20	49	20	0.32	23	0.0
2024-11-20 12:49:20	49	20	0.24	23	0.0
2024-11-20 12:49:20	49	20	0.24	23	0.0
2024-11-20 12:49:20	49	20	0.28	23	0.0
2024-11-20 12:49:20	49	20	0.28	23	0.0
2024-11-20 12:49:20	49	20	0.35	23	0.0
2024-11-20 12:49:20	49	20	0.37	23	0.0
2024-11-20 12:49:21	49	21	0.36	23	0.0
2024-11-20 12:49:21	49	21	0.34	23	0.0
2024-11-20 12:49:21	49	21	0.28	23	0.0
2024-11-20 12:49:21	49	21	0.24	23	0.0
2024-11-20 12:49:21	49	21	0.23	23	0.0
2024-11-20 12:49:21	49	21	0.24	23	0.0
2024-11-20 12:49:21	49	21	0.31	24	0.0
2024-11-20 12:49:21	49	21	0.31	24	0.0
2024-11-20 12:49:21	49	21	0.35	24	0.0
2024-11-20 12:49:21	49	21	0.37	24	0.0
2024-11-20 12:49:21	49	21	0.37	24	0.0
2024-11-20 12:49:21	49	21	0.37	24	0.0
2024-11-20 12:49:21	49	21	0.37	24	0.0
2024-11-20 12:49:21	49	21	0.37	24	0.0
2024-11-20 12:49:21	49	21	0.38	24	0.0
2024-11-20 12:49:21	49	21	0.37	24	0.0
2024-11-20 12:49:21	49	21	0.37	24	0.0
2024-11-20 12:49:21	49	21	0.37	24	0.0
2024-11-20 12:49:21	49	21	0.36	24	0.0
2024-11-20 12:49:21	49	21	0.24	24	0.0
2024-11-20 12:49:21	49	21	0.22	24	0.0
2024-11-20 12:49:21	49	21	0.21	24	0.0
2024-11-20 12:49:21	49	21	0.23	24	0.0
2024-11-20 12:49:21	49	21	0.26	24	0.0
2024-11-20 12:49:21	49	21	0.31	25	0.0
2024-11-20 12:49:21	49	21	0.34	25	0.0
2024-11-20 12:49:21	49	21	0.34	25	0.0
2024-11-20 12:49:21	49	21	0.35	25	0.0
2024-11-20 12:49:21	49	21	0.35	25	0.0
2024-11-20 12:49:21	49	21	0.26	25	0.0
2024-11-20 12:49:22	49	22	0.23	25	0.0
2024-11-20 12:49:22	49	22	0.23	25	0.0
2024-11-20 12:49:22	49	22	0.21	25	0.0
2024-11-20 12:49:22	49	22	0.21	25	0.0
2024-11-20 12:49:22	49	22	0.2	25	0.0
2024-11-20 12:49:22	49	22	0.21	25	0.0
2024-11-20 12:49:22	49	22	0.24	25	0.0
2024-11-20 12:49:22	49	22	0.3	26	0.0
2024-11-20 12:49:22	49	22	0.32	26	0.0
2024-11-20 12:49:22	49	22	0.33	26	0.0
2024-11-20 12:49:22	49	22	0.33	26	0.0
2024-11-20 12:49:22	49	22	0.31	26	0.0
2024-11-20 12:49:22	49	22	0.25	26	0.0
2024-11-20 12:49:22	49	22	0.24	26	0.0
2024-11-20 12:49:22	49	22	0.22	26	0.0
2024-11-20 12:49:22	49	22	0.2	26	0.0
2024-11-20 12:49:22	49	22	0.21	26	0.0
2024-11-20 12:49:22	49	22	0.22	26	0.0
2024-11-20 12:49:22	49	22	0.24	26	0.0
2024-11-20 12:49:22	49	22	0.29	27	0.0
2024-11-20 12:49:22	49	22	0.31	27	0.0
2024-11-20 12:49:22	49	22	0.33	27	0.0
2024-11-20 12:49:22	49	22	0.33	27	0.0
2024-11-20 12:49:22	49	22	0.28	27	0.0
2024-11-20 12:49:22	49	22	0.22	27	0.0
2024-11-20 12:49:22	49	22	0.2	27	0.0
2024-11-20 12:49:22	49	22	0.21	27	0.0
2024-11-20 12:49:22	49	22	0.22	27	0.0
2024-11-20 12:49:22	49	22	0.24	27	0.0
2024-11-20 12:49:23	49	23	0.3	28	0.0
2024-11-20 12:49:23	49	23	0.31	28	0.0
2024-11-20 12:49:23	49	23	0.31	28	0.0
2024-11-20 12:49:23	49	23	0.24	28	0.0
2024-11-20 12:49:23	49	23	0.22	28	0.0
2024-11-20 12:49:23	49	23	0.21	28	0.0
2024-11-20 12:49:23	49	23	0.21	28	0.0
2024-11-20 12:49:23	49	23	0.23	28	0.0
2024-11-20 12:49:23	49	23	0.27	29	0.0
2024-11-20 12:49:23	49	23	0.31	29	0.0
2024-11-20 12:49:23	49	23	0.32	29	0.0
2024-11-20 12:49:23	49	23	0.33	29	0.0
2024-11-20 12:49:23	49	23	0.32	29	0.0
2024-11-20 12:49:23	49	23	0.24	29	0.0
2024-11-20 12:49:23	49	23	0.22	29	0.0
2024-11-20 12:49:23	49	23	0.22	29	0.0
2024-11-20 12:49:23	49	23	0.22	29	0.0
2024-11-20 12:49:23	49	23	0.22	29	0.0
2024-11-20 12:49:23	49	23	0.3	30	0.0
2024-11-20 12:49:23	49	23	0.31	30	0.0
2024-11-20 12:49:23	49	23	0.32	30	0.0
2024-11-20 12:49:23	49	23	0.33	30	0.0
2024-11-20 12:49:23	49	23	0.34	30	0.0
2024-11-20 12:49:23	49	23	0.34	30	0.0
2024-11-20 12:49:23	49	23	0.34	30	0.0
2024-11-20 12:49:23	49	23	0.35	30	0.0
2024-11-20 12:49:23	49	23	0.36	30	0.0
2024-11-20 12:49:23	49	23	0.36	30	0.0
2024-11-20 12:49:23	49	23	0.36	30	0.0
2024-11-20 12:49:23	49	23	0.35	30	0.0
2024-11-20 12:49:24	49	24	0.22	30	0.0
2024-11-20 12:49:24	49	24	0.21	30	0.0
2024-11-20 12:49:24	49	24	0.22	30	0.0
2024-11-20 12:49:24	49	24	0.24	30	0.0
2024-11-20 12:49:24	49	24	0.31	31	0.0
2024-11-20 12:49:24	49	24	0.34	31	0.0
2024-11-20 12:49:24	49	24	0.36	31	0.0
2024-11-20 12:49:24	49	24	0.36	31	0.0
2024-11-20 12:49:24	49	24	0.36	31	0.0
2024-11-20 12:49:24	49	24	0.37	31	0.0
2024-11-20 12:49:24	49	24	0.37	31	0.0
2024-11-20 12:49:24	49	24	0.37	31	0.0
2024-11-20 12:49:24	49	24	0.32	31	0.0
2024-11-20 12:49:24	49	24	0.22	31	0.0
2024-11-20 12:49:24	49	24	0.21	31	0.0
2024-11-20 12:49:24	49	24	0.21	31	0.0
2024-11-20 12:49:24	49	24	0.21	31	0.0
2024-11-20 12:49:24	49	24	0.22	31	0.0
2024-11-20 12:49:24	49	24	0.29	32	0.0
2024-11-20 12:49:24	49	24	0.31	32	0.0
2024-11-20 12:49:24	49	24	0.33	32	0.0
2024-11-20 12:49:24	49	24	0.33	32	0.0
2024-11-20 12:49:24	49	24	0.34	32	0.0
2024-11-20 12:49:24	49	24	0.34	32	0.0
2024-11-20 12:49:24	49	24	0.36	32	0.0
2024-11-20 12:49:24	49	24	0.35	32	0.0
2024-11-20 12:49:24	49	24	0.35	32	0.0
2024-11-20 12:49:24	49	24	0.35	32	0.0
2024-11-20 12:49:24	49	24	0.35	32	0.0
2024-11-20 12:49:24	49	24	0.35	32	0.0
2024-11-20 12:49:24	49	24	0.36	32	0.0
2024-11-20 12:49:25	49	25	0.36	32	0.0
2024-11-20 12:49:25	49	25	0.36	32	0.0
2024-11-20 12:49:25	49	25	0.35	32	0.0
2024-11-20 12:49:25	49	25	0.36	32	0.0
2024-11-20 12:49:25	49	25	0.34	32	0.0
2024-11-20 12:49:25	49	25	0.24	32	0.0
2024-11-20 12:49:25	49	25	0.2	32	0.0
2024-11-20 12:49:25	49	25	0.21	32	0.0
2024-11-20 12:49:25	49	25	0.26	33	0.0
2024-11-20 12:49:25	49	25	0.31	33	0.0
2024-11-20 12:49:25	49	25	0.33	33	0.0
2024-11-20 12:49:25	49	25	0.34	33	0.0
2024-11-20 12:49:25	49	25	0.35	33	0.0
2024-11-20 12:49:25	49	25	0.35	33	0.0
2024-11-20 12:49:25	49	25	0.34	33	0.0
2024-11-20 12:49:25	49	25	0.34	33	0.0
2024-11-20 12:49:25	49	25	0.35	33	0.0
2024-11-20 12:49:25	49	25	0.35	33	0.0
2024-11-20 12:49:25	49	25	0.31	33	0.0
2024-11-20 12:49:25	49	25	0.21	33	0.0
2024-11-20 12:49:25	49	25	0.21	33	0.0
2024-11-20 12:49:25	49	25	0.22	33	0.0
2024-11-20 12:49:25	49	25	0.26	33	0.0
2024-11-20 12:49:25	49	25	0.3	34	0.0
2024-11-20 12:49:25	49	25	0.32	34	0.0
2024-11-20 12:49:25	49	25	0.33	34	0.0
2024-11-20 12:49:25	49	25	0.33	34	0.0
2024-11-20 12:49:25	49	25	0.33	34	0.0
2024-11-20 12:49:25	49	25	0.33	34	0.0
2024-11-20 12:49:26	49	26	0.32	34	0.0
2024-11-20 12:49:26	49	26	0.24	34	0.0
2024-11-20 12:49:26	49	26	0.21	34	0.0
2024-11-20 12:49:26	49	26	0.2	34	0.0
2024-11-20 12:49:26	49	26	0.22	34	0.0
2024-11-20 12:49:26	49	26	0.28	35	0.0
2024-11-20 12:49:26	49	26	0.31	35	0.0
2024-11-20 12:49:26	49	26	0.33	35	0.0
2024-11-20 12:49:26	49	26	0.32	35	0.0
2024-11-20 12:49:26	49	26	0.32	35	0.0
2024-11-20 12:49:26	49	26	0.32	35	0.0
2024-11-20 12:49:26	49	26	0.33	35	0.0
2024-11-20 12:49:26	49	26	0.33	35	0.0
2024-11-20 12:49:26	49	26	0.34	35	0.0
2024-11-20 12:49:26	49	26	0.32	35	0.0
2024-11-20 12:49:26	49	26	0.23	35	0.0
2024-11-20 12:49:26	49	26	0.22	35	0.0
2024-11-20 12:49:26	49	26	0.21	35	0.0
2024-11-20 12:49:26	49	26	0.23	35	0.0
2024-11-20 12:49:26	49	26	0.28	36	0.0
2024-11-20 12:49:26	49	26	0.3	36	0.0
2024-11-20 12:49:26	49	26	0.31	36	0.0
2024-11-20 12:49:26	49	26	0.32	36	0.0
2024-11-20 12:49:26	49	26	0.32	36	0.0
2024-11-20 12:49:26	49	26	0.32	36	0.0
2024-11-20 12:49:26	49	26	0.32	36	0.0
2024-11-20 12:49:26	49	26	0.32	36	0.0
2024-11-20 12:49:26	49	26	0.34	36	0.0
2024-11-20 12:49:26	49	26	0.35	36	0.0
2024-11-20 12:49:26	49	26	0.35	36	0.0
2024-11-20 12:49:27	49	27	0.34	36	0.0
2024-11-20 12:49:27	49	27	0.24	36	0.0
2024-11-20 12:49:27	49	27	0.21	36	0.0
2024-11-20 12:49:27	49	27	0.22	36	0.0
2024-11-20 12:49:27	49	27	0.27	36	0.0
2024-11-20 12:49:27	49	27	0.26	36	0.0
2024-11-20 12:49:27	49	27	0.34	37	0.0
2024-11-20 12:49:27	49	27	0.35	37	0.0
2024-11-20 12:49:27	49	27	0.36	37	0.0
2024-11-20 12:49:27	49	27	0.36	37	0.0
2024-11-20 12:49:27	49	27	0.36	37	0.0
2024-11-20 12:49:27	49	27	0.36	37	0.0
2024-11-20 12:49:27	49	27	0.36	37	0.0
2024-11-20 12:49:27	49	27	0.35	37	0.0
2024-11-20 12:49:27	49	27	0.27	37	0.0
2024-11-20 12:49:27	49	27	0.26	37	0.0
2024-11-20 12:49:27	49	27	0.21	37	0.0
2024-11-20 12:49:27	49	27	0.21	37	0.0
2024-11-20 12:49:27	49	27	0.31	38	0.0
2024-11-20 12:49:27	49	27	0.33	38	0.0
2024-11-20 12:49:27	49	27	0.35	38	0.0
2024-11-20 12:49:27	49	27	0.36	38	0.0
2024-11-20 12:49:27	49	27	0.36	38	0.0
2024-11-20 12:49:27	49	27	0.36	38	0.0
2024-11-20 12:49:27	49	27	0.36	38	0.0
2024-11-20 12:49:27	49	27	0.36	38	0.0
2024-11-20 12:49:27	49	27	0.36	38	0.0
2024-11-20 12:49:27	49	27	0.36	38	0.0
2024-11-20 12:49:27	49	27	0.34	38	0.0
2024-11-20 12:49:27	49	27	0.24	38	0.0
2024-11-20 12:49:28	49	28	0.21	38	0.0
2024-11-20 12:49:28	49	28	0.25	38	0.0
2024-11-20 12:49:28	49	28	0.31	39	0.0
2024-11-20 12:49:28	49	28	0.33	39	0.0
2024-11-20 12:49:28	49	28	0.33	39	0.0
2024-11-20 12:49:28	49	28	0.35	39	0.0
2024-11-20 12:49:28	49	28	0.35	39	0.0
2024-11-20 12:49:28	49	28	0.36	39	0.0
2024-11-20 12:49:28	49	28	0.36	39	0.0
2024-11-20 12:49:28	49	28	0.34	39	0.0
2024-11-20 12:49:28	49	28	0.23	39	0.0
2024-11-20 12:49:28	49	28	0.22	39	0.0
2024-11-20 12:49:28	49	28	0.23	39	0.0
2024-11-20 12:49:28	49	28	0.29	40	0.0
2024-11-20 12:49:28	49	28	0.28	40	0.0
2024-11-20 12:49:28	49	28	0.32	40	0.0
2024-11-20 12:49:28	49	28	0.34	40	0.0
2024-11-20 12:49:28	49	28	0.35	40	0.0
2024-11-20 12:49:28	49	28	0.35	40	0.0
2024-11-20 12:49:28	49	28	0.36	40	0.0
2024-11-20 12:49:28	49	28	0.35	40	0.0
2024-11-20 12:49:28	49	28	0.24	40	0.0
2024-11-20 12:49:28	49	28	0.22	40	0.0
2024-11-20 12:49:28	49	28	0.21	40	0.0
2024-11-20 12:49:28	49	28	0.24	40	0.0
2024-11-20 12:49:28	49	28	0.31	41	0.0
2024-11-20 12:49:28	49	28	0.33	41	0.0
2024-11-20 12:49:28	49	28	0.35	41	0.0
2024-11-20 12:49:28	49	28	0.35	41	0.0
2024-11-20 12:49:28	49	28	0.35	41	0.0
2024-11-20 12:49:28	49	28	0.35	41	0.0
2024-11-20 12:49:29	49	29	0.27	41	0.0
2024-11-20 12:49:29	49	29	0.22	41	0.0
2024-11-20 12:49:29	49	29	0.21	41	0.0
2024-11-20 12:49:29	49	29	0.22	41	0.0
2024-11-20 12:49:29	49	29	0.26	41	0.0
2024-11-20 12:49:29	49	29	0.31	42	0.0
2024-11-20 12:49:29	49	29	0.33	42	0.0
2024-11-20 12:49:29	49	29	0.34	42	0.0
2024-11-20 12:49:29	49	29	0.34	42	0.0
2024-11-20 12:49:29	49	29	0.33	42	0.0
2024-11-20 12:49:29	49	29	0.33	42	0.0
2024-11-20 12:49:29	49	29	0.23	42	0.0
2024-11-20 12:49:29	49	29	0.22	42	0.0
2024-11-20 12:49:29	49	29	0.21	42	0.0
2024-11-20 12:49:29	49	29	0.22	42	0.0
2024-11-20 12:49:29	49	29	0.29	43	0.0
2024-11-20 12:49:29	49	29	0.32	43	0.0
2024-11-20 12:49:29	49	29	0.34	43	0.0
2024-11-20 12:49:29	49	29	0.35	43	0.0
2024-11-20 12:49:29	49	29	0.36	43	0.0
2024-11-20 12:49:29	49	29	0.36	43	0.0
2024-11-20 12:49:29	49	29	0.35	43	0.0
2024-11-20 12:49:29	49	29	0.3	43	0.0
2024-11-20 12:49:29	49	29	0.22	43	0.0
2024-11-20 12:49:29	49	29	0.21	43	0.0
2024-11-20 12:49:29	49	29	0.21	43	0.0
2024-11-20 12:49:29	49	29	0.25	43	0.0
2024-11-20 12:49:29	49	29	0.31	44	0.0
2024-11-20 12:49:29	49	29	0.33	44	0.0
2024-11-20 12:49:30	49	30	0.34	44	0.0
2024-11-20 12:49:30	49	30	0.33	44	0.0
2024-11-20 12:49:30	49	30	0.25	44	0.0
2024-11-20 12:49:30	49	30	0.22	44	0.0
2024-11-20 12:49:30	49	30	0.22	44	0.0
2024-11-20 12:49:30	49	30	0.23	44	0.0
2024-11-20 12:49:30	49	30	0.25	44	0.0
2024-11-20 12:49:30	49	30	0.31	45	0.0
2024-11-20 12:49:30	49	30	0.33	45	0.0
2024-11-20 12:49:30	49	30	0.34	45	0.0
2024-11-20 12:49:30	49	30	0.35	45	0.0
2024-11-20 12:49:30	49	30	0.34	45	0.0
2024-11-20 12:49:30	49	30	0.25	45	0.0
2024-11-20 12:49:30	49	30	0.22	45	0.0
2024-11-20 12:49:30	49	30	0.22	45	0.0
2024-11-20 12:49:30	49	30	0.22	45	0.0
2024-11-20 12:49:30	49	30	0.25	45	0.0
2024-11-20 12:49:30	49	30	0.3	46	0.0
2024-11-20 12:49:30	49	30	0.32	46	0.0
2024-11-20 12:49:30	49	30	0.33	46	0.0
2024-11-20 12:49:30	49	30	0.34	46	0.0
2024-11-20 12:49:30	49	30	0.35	46	0.0
2024-11-20 12:49:30	49	30	0.32	46	0.0
2024-11-20 12:49:30	49	30	0.31	46	0.0
2024-11-20 12:49:30	49	30	0.23	46	0.0
2024-11-20 12:49:30	49	30	0.21	46	0.0
2024-11-20 12:49:30	49	30	0.23	46	0.0
2024-11-20 12:49:30	49	30	0.28	47	0.0
2024-11-20 12:49:30	49	30	0.31	47	0.0
2024-11-20 12:49:30	49	30	0.33	47	0.0
2024-11-20 12:49:31	49	31	0.33	47	0.0
2024-11-20 12:49:31	49	31	0.3	47	0.0
2024-11-20 12:49:31	49	31	0.22	47	0.0
2024-11-20 12:49:31	49	31	0.23	47	0.0
2024-11-20 12:49:31	49	31	0.22	47	0.0
2024-11-20 12:49:31	49	31	0.22	47	0.0
2024-11-20 12:49:31	49	31	0.29	48	0.0
2024-11-20 12:49:31	49	31	0.31	48	0.0
2024-11-20 12:49:31	49	31	0.34	48	0.0
2024-11-20 12:49:31	49	31	0.34	48	0.0
2024-11-20 12:49:31	49	31	0.35	48	0.0
2024-11-20 12:49:31	49	31	0.34	48	0.0
2024-11-20 12:49:31	49	31	0.25	48	0.0
2024-11-20 12:49:31	49	31	0.25	48	0.0
2024-11-20 12:49:31	49	31	0.22	48	0.0
2024-11-20 12:49:31	49	31	0.21	48	0.0
2024-11-20 12:49:31	49	31	0.22	48	0.0
2024-11-20 12:49:31	49	31	0.25	48	0.0
2024-11-20 12:49:31	49	31	0.34	49	0.0
2024-11-20 12:49:31	49	31	0.34	49	0.0
2024-11-20 12:49:31	49	31	0.35	49	0.0
2024-11-20 12:49:31	49	31	0.36	49	0.0
2024-11-20 12:49:31	49	31	0.36	49	0.0
2024-11-20 12:49:31	49	31	0.36	49	0.0
2024-11-20 12:49:31	49	31	0.36	49	0.0
2024-11-20 12:49:31	49	31	0.28	49	0.0
2024-11-20 12:49:31	49	31	0.22	49	0.0
2024-11-20 12:49:31	49	31	0.21	49	0.0
2024-11-20 12:49:31	49	31	0.22	49	0.0
2024-11-20 12:49:31	49	31	0.28	49	0.0
2024-11-20 12:49:32	49	32	0.33	49	0.0
2024-11-20 12:49:32	49	32	0.34	49	0.0
2024-11-20 12:49:32	49	32	0.34	49	0.0
2024-11-20 12:49:32	49	32	0.35	49	0.0
2024-11-20 12:49:32	49	32	0.35	49	0.0
2024-11-20 12:49:32	49	32	0.35	49	0.0
2024-11-20 12:49:32	49	32	0.35	49	0.0
2024-11-20 12:49:32	49	32	0.29	49	0.0
2024-11-20 12:49:32	49	32	0.22	49	0.0
2024-11-20 12:49:32	49	32	0.21	49	0.0
2024-11-20 12:49:32	49	32	0.23	49	0.0
2024-11-20 12:49:32	49	32	0.29	49	0.0
2024-11-20 12:49:32	49	32	0.32	49	0.0
2024-11-20 12:49:32	49	32	0.33	49	0.0
2024-11-20 12:49:32	49	32	0.35	49	0.0
2024-11-20 12:49:32	49	32	0.35	49	0.0
2024-11-20 12:49:32	49	32	0.35	49	0.0
2024-11-20 12:49:32	49	32	0.35	49	0.0
2024-11-20 12:49:32	49	32	0.35	49	0.0
2024-11-20 12:49:32	49	32	0.35	49	0.0
2024-11-20 12:49:32	49	32	0.35	49	0.0
2024-11-20 12:49:32	49	32	0.35	49	0.0
2024-11-20 12:49:32	49	32	0.35	49	0.0
2024-11-20 12:49:32	49	32	0.35	49	0.0
2024-11-20 12:49:32	49	32	0.35	49	0.0
2024-11-20 12:49:32	49	32	0.36	49	0.0
2024-11-20 12:49:32	49	32	0.36	49	0.0
2024-11-20 12:49:32	49	32	0.36	49	0.0
2024-11-20 12:49:32	49	32	0.36	49	0.0
2024-11-20 12:49:32	49	32	0.36	49	0.0
2024-11-20 12:49:32	49	32	0.36	49	0.0
2024-11-20 12:49:33	49	33	0.36	49	0.0
2024-11-20 12:49:33	49	33	0.36	49	0.0
2024-11-20 12:49:33	49	33	0.36	49	0.0
2024-11-20 12:49:33	49	33	0.36	49	0.0
2024-11-20 12:49:33	49	33	0.36	49	0.0
2024-11-20 12:49:33	49	33	0.36	49	0.0
2024-11-20 12:49:33	49	33	0.36	49	0.0
2024-11-20 12:49:33	49	33	0.37	49	0.0
2024-11-20 12:49:33	49	33	0.36	49	0.0
2024-11-20 12:49:33	49	33	0.36	49	0.0
2024-11-20 12:49:33	49	33	0.36	49	0.0
2024-11-20 12:49:33	49	33	0.37	49	0.0
2024-11-20 12:49:33	49	33	0.36	49	0.0
2024-11-20 12:49:33	49	33	0.34	49	0.0
2024-11-20 12:49:33	49	33	0.24	49	0.0
2024-11-20 12:49:33	49	33	0.22	49	0.0
2024-11-20 12:49:33	49	33	0.22	49	0.0
2024-11-20 12:49:33	49	33	0.26	49	0.0
2024-11-20 12:49:33	49	33	0.32	50	0.0
2024-11-20 12:49:33	49	33	0.34	50	0.0
2024-11-20 12:49:33	49	33	0.36	50	0.0
2024-11-20 12:49:33	49	33	0.37	50	0.0
2024-11-20 12:49:33	49	33	0.38	50	0.0
2024-11-20 12:49:33	49	33	0.39	50	0.0
2024-11-20 12:49:33	49	33	0.41	50	0.0
2024-11-20 12:49:33	49	33	0.41	50	0.0
2024-11-20 12:49:33	49	33	0.42	50	0.0
2024-11-20 12:49:33	49	33	0.41	50	0.0
2024-11-20 12:49:33	49	33	0.38	50	0.0
2024-11-20 12:49:34	49	34	0.25	50	0.0
2024-11-20 12:49:34	49	34	0.22	50	0.0
2024-11-20 12:49:34	49	34	0.22	50	0.0
2024-11-20 12:49:34	49	34	0.22	50	0.0
2024-11-20 12:49:34	49	34	0.26	50	0.0
2024-11-20 12:49:34	49	34	0.32	51	0.0
2024-11-20 12:49:34	49	34	0.33	51	0.0
2024-11-20 12:49:34	49	34	0.35	51	0.0
2024-11-20 12:49:34	49	34	0.36	51	0.0
2024-11-20 12:49:34	49	34	0.36	51	0.0
2024-11-20 12:49:34	49	34	0.32	51	0.0
2024-11-20 12:49:34	49	34	0.31	51	0.0
2024-11-20 12:49:34	49	34	0.23	51	0.0
2024-11-20 12:49:34	49	34	0.23	51	0.0
2024-11-20 12:49:34	49	34	0.27	51	0.0
2024-11-20 12:49:34	49	34	0.34	52	0.0
2024-11-20 12:49:34	49	34	0.37	52	0.0
2024-11-20 12:49:34	49	34	0.38	52	0.0
2024-11-20 12:49:34	49	34	0.4	52	0.0
2024-11-20 12:49:34	49	34	0.41	52	0.0
2024-11-20 12:49:34	49	34	0.42	52	0.0
2024-11-20 12:49:34	49	34	0.42	52	0.0
2024-11-20 12:49:34	49	34	0.43	52	0.0
2024-11-20 12:49:34	49	34	0.43	52	0.0
2024-11-20 12:49:34	49	34	0.42	52	0.0
2024-11-20 12:49:34	49	34	0.41	52	0.0
2024-11-20 12:49:34	49	34	0.31	52	0.0
2024-11-20 12:49:34	49	34	0.22	52	0.0
2024-11-20 12:49:34	49	34	0.22	52	0.0
2024-11-20 12:49:34	49	34	0.24	52	0.0
2024-11-20 12:49:35	49	35	0.31	52	0.0
2024-11-20 12:49:35	49	35	0.29	52	0.0
2024-11-20 12:49:35	49	35	0.35	52	0.0
2024-11-20 12:49:35	49	35	0.36	52	0.0
2024-11-20 12:49:35	49	35	0.37	52	0.0
2024-11-20 12:49:35	49	35	0.38	52	0.0
2024-11-20 12:49:35	49	35	0.38	52	0.0
2024-11-20 12:49:35	49	35	0.36	52	0.0
2024-11-20 12:49:35	49	35	0.25	52	0.0
2024-11-20 12:49:35	49	35	0.22	52	0.0
2024-11-20 12:49:35	49	35	0.22	52	0.0
2024-11-20 12:49:35	49	35	0.22	52	0.0
2024-11-20 12:49:35	49	35	0.26	52	0.0
2024-11-20 12:49:35	49	35	0.32	53	0.0
2024-11-20 12:49:35	49	35	0.34	53	0.0
2024-11-20 12:49:35	49	35	0.35	53	0.0
2024-11-20 12:49:35	49	35	0.36	53	0.0
2024-11-20 12:49:35	49	35	0.37	53	0.0
2024-11-20 12:49:35	49	35	0.37	53	0.0
2024-11-20 12:49:35	49	35	0.37	53	0.0
2024-11-20 12:49:35	49	35	0.37	53	0.0
2024-11-20 12:49:35	49	35	0.27	53	0.0
2024-11-20 12:49:35	49	35	0.22	53	0.0
2024-11-20 12:49:35	49	35	0.22	53	0.0
2024-11-20 12:49:35	49	35	0.23	53	0.0
2024-11-20 12:49:35	49	35	0.3	54	0.0
2024-11-20 12:49:35	49	35	0.33	54	0.0
2024-11-20 12:49:35	49	35	0.34	54	0.0
2024-11-20 12:49:35	49	35	0.35	54	0.0
2024-11-20 12:49:35	49	35	0.36	54	0.0
2024-11-20 12:49:35	49	35	0.36	54	0.0
2024-11-20 12:49:36	49	36	0.36	54	0.0
2024-11-20 12:49:36	49	36	0.36	54	0.0
2024-11-20 12:49:36	49	36	0.34	54	0.0
2024-11-20 12:49:36	49	36	0.23	54	0.0
2024-11-20 12:49:36	49	36	0.23	54	0.0
2024-11-20 12:49:36	49	36	0.24	54	0.0
2024-11-20 12:49:36	49	36	0.31	54	0.0
2024-11-20 12:49:36	49	36	0.33	54	0.0
2024-11-20 12:49:36	49	36	0.34	54	0.0
2024-11-20 12:49:36	49	36	0.36	54	0.0
2024-11-20 12:49:36	49	36	0.34	54	0.0
2024-11-20 12:49:36	49	36	0.25	54	0.0
2024-11-20 12:49:36	49	36	0.23	54	0.0
2024-11-20 12:49:36	49	36	0.22	54	0.0
2024-11-20 12:49:36	49	36	0.24	54	0.0
2024-11-20 12:49:36	49	36	0.28	54	0.0
2024-11-20 12:49:36	49	36	0.34	55	0.0
2024-11-20 12:49:36	49	36	0.36	55	0.0
2024-11-20 12:49:36	49	36	0.36	55	0.0
2024-11-20 12:49:36	49	36	0.39	55	0.0
2024-11-20 12:49:36	49	36	0.34	55	0.0
2024-11-20 12:49:36	49	36	0.27	55	0.0
2024-11-20 12:49:36	49	36	0.23	55	0.0
2024-11-20 12:49:36	49	36	0.2	55	0.0
2024-11-20 12:49:36	49	36	0.28	55	0.0
2024-11-20 12:49:36	49	36	0.32	56	0.0
2024-11-20 12:49:36	49	36	0.35	56	0.0
2024-11-20 12:49:36	49	36	0.35	56	0.0
2024-11-20 12:49:36	49	36	0.34	56	0.0
2024-11-20 12:49:36	49	36	0.34	56	0.0
2024-11-20 12:49:37	49	37	0.35	56	0.0
2024-11-20 12:49:37	49	37	0.33	56	0.0
2024-11-20 12:49:37	49	37	0.3	56	0.0
2024-11-20 12:49:37	49	37	0.2	56	0.0
2024-11-20 12:49:37	49	37	0.21	56	0.0
2024-11-20 12:49:37	49	37	0.21	56	0.0
2024-11-20 12:49:37	49	37	0.25	56	0.0
2024-11-20 12:49:37	49	37	0.3	57	0.0
2024-11-20 12:49:37	49	37	0.32	57	0.0
2024-11-20 12:49:37	49	37	0.31	57	0.0
2024-11-20 12:49:37	49	37	0.32	57	0.0
2024-11-20 12:49:37	49	37	0.32	57	0.0
2024-11-20 12:49:37	49	37	0.32	57	0.0
2024-11-20 12:49:37	49	37	0.32	57	0.0
2024-11-20 12:49:37	49	37	0.29	57	0.0
2024-11-20 12:49:37	49	37	0.21	57	0.0
2024-11-20 12:49:37	49	37	0.21	57	0.0
2024-11-20 12:49:37	49	37	0.2	57	0.0
2024-11-20 12:49:37	49	37	0.2	57	0.0
2024-11-20 12:49:37	49	37	0.25	57	0.0
2024-11-20 12:49:37	49	37	0.29	58	0.0
2024-11-20 12:49:37	49	37	0.31	58	0.0
2024-11-20 12:49:37	49	37	0.32	58	0.0
2024-11-20 12:49:37	49	37	0.32	58	0.0
2024-11-20 12:49:37	49	37	0.33	58	0.0
2024-11-20 12:49:37	49	37	0.33	58	0.0
2024-11-20 12:49:37	49	37	0.34	58	0.0
2024-11-20 12:49:37	49	37	0.34	58	0.0
2024-11-20 12:49:37	49	37	0.34	58	0.0
2024-11-20 12:49:37	49	37	0.34	58	0.0
2024-11-20 12:49:38	49	38	0.37	58	0.0
2024-11-20 12:49:38	49	38	0.38	58	0.0
2024-11-20 12:49:38	49	38	0.36	58	0.0
2024-11-20 12:49:38	49	38	0.37	58	0.0
2024-11-20 12:49:38	49	38	0.37	58	0.0
2024-11-20 12:49:38	49	38	0.39	58	0.0
2024-11-20 12:49:38	49	38	0.39	58	0.0
2024-11-20 12:49:38	49	38	0.4	58	0.0
2024-11-20 12:49:38	49	38	0.41	58	0.0
2024-11-20 12:49:38	49	38	0.41	58	0.0
2024-11-20 12:49:38	49	38	0.4	58	0.0
2024-11-20 12:49:38	49	38	0.4	58	0.0
2024-11-20 12:49:38	49	38	0.4	58	0.0
2024-11-20 12:49:38	49	38	0.36	58	0.0
2024-11-20 12:49:38	49	38	0.32	58	0.0
2024-11-20 12:49:38	49	38	0.31	58	0.0
2024-11-20 12:49:38	49	38	0.34	58	0.0
2024-11-20 12:49:38	49	38	0.33	58	0.0
2024-11-20 12:49:38	49	38	0.36	58	0.0
2024-11-20 12:49:38	49	38	0.38	58	0.0
2024-11-20 12:49:38	49	38	0.4	58	0.0
2024-11-20 12:49:38	49	38	0.39	58	0.0
2024-11-20 12:49:38	49	38	0.39	58	0.0
2024-11-20 12:49:38	49	38	0.38	58	0.0
2024-11-20 12:49:38	49	38	0.28	58	0.0
2024-11-20 12:49:38	49	38	0.28	58	0.0
2024-11-20 12:49:38	49	38	0.31	58	0.0
2024-11-20 12:49:38	49	38	0.33	58	0.0
2024-11-20 12:49:38	49	38	0.4	58	0.0
2024-11-20 12:49:38	49	38	0.42	58	0.0
2024-11-20 12:49:39	49	39	0.42	58	0.0
2024-11-20 12:49:39	49	39	0.42	58	0.0
2024-11-20 12:49:39	49	39	0.42	58	0.0
2024-11-20 12:49:39	49	39	0.43	58	0.0
2024-11-20 12:49:39	49	39	0.42	58	0.0
2024-11-20 12:49:39	49	39	0.42	58	0.0
2024-11-20 12:49:39	49	39	0.28	58	0.0
2024-11-20 12:49:39	49	39	0.27	58	0.0
2024-11-20 12:49:39	49	39	0.26	58	0.0
2024-11-20 12:49:39	49	39	0.31	58	0.0
2024-11-20 12:49:39	49	39	0.37	58	0.0
2024-11-20 12:49:39	49	39	0.39	58	0.0
2024-11-20 12:49:39	49	39	0.41	58	0.0
2024-11-20 12:49:39	49	39	0.41	58	0.0
2024-11-20 12:49:39	49	39	0.41	58	0.0
2024-11-20 12:49:39	49	39	0.41	58	0.0
2024-11-20 12:49:39	49	39	0.41	58	0.0
2024-11-20 12:49:39	49	39	0.37	58	0.0
2024-11-20 12:49:39	49	39	0.28	58	0.0
2024-11-20 12:49:39	49	39	0.27	58	0.0
2024-11-20 12:49:39	49	39	0.26	58	0.0
2024-11-20 12:49:39	49	39	0.32	59	0.0
2024-11-20 12:49:39	49	39	0.39	59	0.0
2024-11-20 12:49:39	49	39	0.4	59	0.0
2024-11-20 12:49:39	49	39	0.41	59	0.0
2024-11-20 12:49:39	49	39	0.42	59	0.0
2024-11-20 12:49:39	49	39	0.42	59	0.0
2024-11-20 12:49:39	49	39	0.42	59	0.0
2024-11-20 12:49:39	49	39	0.42	59	0.0
2024-11-20 12:49:39	49	39	0.42	59	0.0
2024-11-20 12:49:40	49	40	0.42	59	0.0
2024-11-20 12:49:40	49	40	0.42	59	0.0
2024-11-20 12:49:40	49	40	0.34	59	0.0
2024-11-20 12:49:40	49	40	0.28	59	0.0
2024-11-20 12:49:40	49	40	0.28	59	0.0
2024-11-20 12:49:40	49	40	0.28	59	0.0
2024-11-20 12:49:40	49	40	0.34	59	0.0
2024-11-20 12:49:40	49	40	0.38	59	0.0
2024-11-20 12:49:40	49	40	0.4	59	0.0
2024-11-20 12:49:40	49	40	0.41	59	0.0
2024-11-20 12:49:40	49	40	0.42	59	0.0
2024-11-20 12:49:40	49	40	0.42	59	0.0
2024-11-20 12:49:40	49	40	0.43	59	0.0
2024-11-20 12:49:40	49	40	0.43	59	0.0
2024-11-20 12:49:40	49	40	0.43	59	0.0
2024-11-20 12:49:40	49	40	0.43	59	0.0
2024-11-20 12:49:40	49	40	0.43	59	0.0
2024-11-20 12:49:40	49	40	0.44	59	0.0
2024-11-20 12:49:40	49	40	0.43	59	0.0
2024-11-20 12:49:40	49	40	0.37	59	0.0
2024-11-20 12:49:40	49	40	0.28	59	0.0
2024-11-20 12:49:40	49	40	0.28	59	0.0
2024-11-20 12:49:40	49	40	0.28	59	0.0
2024-11-20 12:49:40	49	40	0.33	59	0.0
2024-11-20 12:49:40	49	40	0.38	59	0.0
2024-11-20 12:49:40	49	40	0.39	59	0.0
2024-11-20 12:49:40	49	40	0.4	59	0.0
2024-11-20 12:49:40	49	40	0.41	59	0.0
2024-11-20 12:49:40	49	40	0.4	59	0.0
2024-11-20 12:49:41	49	41	0.37	59	0.0
2024-11-20 12:49:41	49	41	0.32	59	0.0
2024-11-20 12:49:41	49	41	0.31	59	0.0
2024-11-20 12:49:41	49	41	0.3	59	0.0
2024-11-20 12:49:41	49	41	0.22	59	0.0
2024-11-20 12:49:41	49	41	0.23	59	0.0
2024-11-20 12:49:41	49	41	0.22	59	0.0
2024-11-20 12:49:41	49	41	0.26	59	0.0
2024-11-20 12:49:41	49	41	0.31	60	0.0
2024-11-20 12:49:41	49	41	0.33	60	0.0
2024-11-20 12:49:41	49	41	0.34	60	0.0
2024-11-20 12:49:41	49	41	0.36	60	0.0
2024-11-20 12:49:41	49	41	0.36	60	0.0
2024-11-20 12:49:41	49	41	0.36	60	0.0
2024-11-20 12:49:41	49	41	0.35	60	0.0
2024-11-20 12:49:41	49	41	0.35	60	0.0
2024-11-20 12:49:41	49	41	0.35	60	0.0
2024-11-20 12:49:41	49	41	0.35	60	0.0
2024-11-20 12:49:41	49	41	0.35	60	0.0
2024-11-20 12:49:41	49	41	0.24	60	0.0
2024-11-20 12:49:41	49	41	0.24	60	0.0
2024-11-20 12:49:41	49	41	0.24	60	0.0
2024-11-20 12:49:41	49	41	0.29	60	0.0
2024-11-20 12:49:41	49	41	0.33	61	0.0
2024-11-20 12:49:41	49	41	0.34	61	0.0
2024-11-20 12:49:41	49	41	0.35	61	0.0
2024-11-20 12:49:41	49	41	0.35	61	0.0
2024-11-20 12:49:41	49	41	0.35	61	0.0
2024-11-20 12:49:41	49	41	0.35	61	0.0
2024-11-20 12:49:41	49	41	0.35	61	0.0
2024-11-20 12:49:41	49	41	0.35	61	0.0
2024-11-20 12:49:42	49	42	0.36	61	0.0
2024-11-20 12:49:42	49	42	0.36	61	0.0
2024-11-20 12:49:42	49	42	0.35	61	0.0
2024-11-20 12:49:42	49	42	0.35	61	0.0
2024-11-20 12:49:42	49	42	0.27	61	0.0
2024-11-20 12:49:42	49	42	0.27	61	0.0
2024-11-20 12:49:42	49	42	0.24	61	0.0
2024-11-20 12:49:42	49	42	0.24	61	0.0
2024-11-20 12:49:42	49	42	0.24	61	0.0
2024-11-20 12:49:42	49	42	0.31	62	0.0
2024-11-20 12:49:42	49	42	0.33	62	0.0
2024-11-20 12:49:42	49	42	0.36	62	0.0
2024-11-20 12:49:42	49	42	0.35	62	0.0
2024-11-20 12:49:42	49	42	0.36	62	0.0
2024-11-20 12:49:42	49	42	0.36	62	0.0
2024-11-20 12:49:42	49	42	0.36	62	0.0
2024-11-20 12:49:42	49	42	0.36	62	0.0
2024-11-20 12:49:42	49	42	0.36	62	0.0
2024-11-20 12:49:42	49	42	0.33	62	0.0
2024-11-20 12:49:42	49	42	0.24	62	0.0
2024-11-20 12:49:42	49	42	0.23	62	0.0
2024-11-20 12:49:42	49	42	0.24	62	0.0
2024-11-20 12:49:42	49	42	0.27	62	0.0
2024-11-20 12:49:42	49	42	0.33	63	0.0
2024-11-20 12:49:42	49	42	0.35	63	0.0
2024-11-20 12:49:42	49	42	0.35	63	0.0
2024-11-20 12:49:42	49	42	0.36	63	0.0
2024-11-20 12:49:42	49	42	0.35	63	0.0
2024-11-20 12:49:42	49	42	0.33	63	0.0
2024-11-20 12:49:42	49	42	0.25	63	0.0
2024-11-20 12:49:43	49	43	0.23	63	0.0
2024-11-20 12:49:43	49	43	0.23	63	0.0
2024-11-20 12:49:43	49	43	0.24	63	0.0
2024-11-20 12:49:43	49	43	0.31	64	0.0
2024-11-20 12:49:43	49	43	0.34	64	0.0
2024-11-20 12:49:43	49	43	0.34	64	0.0
2024-11-20 12:49:43	49	43	0.35	64	0.0
2024-11-20 12:49:43	49	43	0.35	64	0.0
2024-11-20 12:49:43	49	43	0.35	64	0.0
2024-11-20 12:49:43	49	43	0.35	64	0.0
2024-11-20 12:49:43	49	43	0.35	64	0.0
2024-11-20 12:49:43	49	43	0.35	64	0.0
2024-11-20 12:49:43	49	43	0.31	64	0.0
2024-11-20 12:49:43	49	43	0.23	64	0.0
2024-11-20 12:49:43	49	43	0.23	64	0.0
2024-11-20 12:49:43	49	43	0.24	64	0.0
2024-11-20 12:49:43	49	43	0.28	64	0.0
2024-11-20 12:49:43	49	43	0.33	65	0.0
2024-11-20 12:49:43	49	43	0.34	65	0.0
2024-11-20 12:49:43	49	43	0.34	65	0.0
2024-11-20 12:49:43	49	43	0.35	65	0.0
2024-11-20 12:49:43	49	43	0.34	65	0.0
2024-11-20 12:49:43	49	43	0.35	65	0.0
2024-11-20 12:49:43	49	43	0.35	65	0.0
2024-11-20 12:49:43	49	43	0.35	65	0.0
2024-11-20 12:49:43	49	43	0.35	65	0.0
2024-11-20 12:49:43	49	43	0.35	65	0.0
2024-11-20 12:49:43	49	43	0.35	65	0.0
2024-11-20 12:49:43	49	43	0.35	65	0.0
2024-11-20 12:49:44	49	44	0.35	65	0.0
2024-11-20 12:49:44	49	44	0.35	65	0.0
2024-11-20 12:49:44	49	44	0.35	65	0.0
2024-11-20 12:49:44	49	44	0.35	65	0.0
2024-11-20 12:49:44	49	44	0.36	65	0.0
2024-11-20 12:49:44	49	44	0.36	65	0.0
2024-11-20 12:49:44	49	44	0.36	65	0.0
2024-11-20 12:49:44	49	44	0.36	65	0.0
2024-11-20 12:49:44	49	44	0.36	65	0.0
2024-11-20 12:49:44	49	44	0.36	65	0.0
2024-11-20 12:49:44	49	44	0.35	65	0.0
2024-11-20 12:49:44	49	44	0.35	65	0.0
2024-11-20 12:49:44	49	44	0.35	65	0.0
2024-11-20 12:49:44	49	44	0.36	65	0.0
2024-11-20 12:49:44	49	44	0.35	65	0.0
2024-11-20 12:49:44	49	44	0.35	65	0.0
2024-11-20 12:49:44	49	44	0.35	65	0.0
2024-11-20 12:49:44	49	44	0.35	65	0.0
2024-11-20 12:49:44	49	44	0.35	65	0.0
2024-11-20 12:49:44	49	44	0.35	65	0.0
2024-11-20 12:49:44	49	44	0.35	65	0.0
2024-11-20 12:49:44	49	44	0.35	65	0.0
2024-11-20 12:49:44	49	44	0.35	65	0.0
2024-11-20 12:49:44	49	44	0.35	65	0.0
2024-11-20 12:49:44	49	44	0.35	65	0.0
2024-11-20 12:49:44	49	44	0.36	65	0.0
2024-11-20 12:49:44	49	44	0.36	65	0.0
2024-11-20 12:49:44	49	44	0.36	65	0.0
2024-11-20 12:49:44	49	44	0.36	65	0.0
2024-11-20 12:49:44	49	44	0.35	65	0.0
2024-11-20 12:49:45	49	45	0.35	65	0.0
2024-11-20 12:49:45	49	45	0.35	65	0.0
2024-11-20 12:49:45	49	45	0.35	65	0.0
2024-11-20 12:49:45	49	45	0.35	65	0.0
2024-11-20 12:49:45	49	45	0.35	65	0.0
2024-11-20 12:49:45	49	45	0.35	65	0.0
2024-11-20 12:49:45	49	45	0.35	65	0.0
2024-11-20 12:49:45	49	45	0.35	65	0.0
2024-11-20 12:49:45	49	45	0.35	65	0.0
2024-11-20 12:49:45	49	45	0.35	65	0.0
2024-11-20 12:49:45	49	45	0.35	65	0.0
2024-11-20 12:49:45	49	45	0.35	65	0.0
2024-11-20 12:49:45	49	45	0.35	65	0.0
2024-11-20 12:49:45	49	45	0.35	65	0.0
2024-11-20 12:49:45	49	45	0.35	65	0.0
2024-11-20 12:49:45	49	45	0.35	65	0.0
2024-11-20 12:49:45	49	45	0.35	65	0.0
2024-11-20 12:49:45	49	45	0.35	65	0.0
2024-11-20 12:49:45	49	45	0.35	65	0.0
2024-11-20 12:49:45	49	45	0.35	65	0.0
2024-11-20 12:49:45	49	45	0.35	65	0.0
2024-11-20 12:49:45	49	45	0.35	65	0.0
2024-11-20 12:49:45	49	45	0.35	65	0.0
2024-11-20 12:49:45	49	45	0.35	65	0.0
2024-11-20 12:49:45	49	45	0.35	65	0.0
2024-11-20 12:49:45	49	45	0.35	65	0.0
2024-11-20 12:49:45	49	45	0.35	65	0.0
2024-11-20 12:49:45	49	45	0.35	65	0.0
2024-11-20 12:49:45	49	45	0.35	65	0.0
2024-11-20 12:49:45	49	45	0.35	65	0.0
2024-11-20 12:49:45	49	45	0.35	65	0.0
2024-11-20 12:49:46	49	46	0.35	65	0.0
2024-11-20 12:49:46	49	46	0.35	65	0.0
2024-11-20 12:49:46	49	46	0.35	65	0.0
2024-11-20 12:49:46	49	46	0.35	65	0.0
2024-11-20 12:49:46	49	46	0.35	65	0.0
2024-11-20 12:49:46	49	46	0.35	65	0.0
2024-11-20 12:49:46	49	46	0.35	65	0.0
2024-11-20 12:49:46	49	46	0.35	65	0.0
2024-11-20 12:49:46	49	46	0.35	65	0.0
2024-11-20 12:49:46	49	46	0.35	65	0.0
2024-11-20 12:49:46	49	46	0.34	65	0.0
2024-11-20 12:49:46	49	46	0.35	65	0.0
2024-11-20 12:49:46	49	46	0.35	65	0.0
2024-11-20 12:49:46	49	46	0.35	65	0.0
2024-11-20 12:49:46	49	46	0.35	65	0.0
2024-11-20 12:49:46	49	46	0.35	65	0.0
2024-11-20 12:49:46	49	46	0.35	65	0.0
2024-11-20 12:49:46	49	46	0.35	65	0.0
2024-11-20 12:49:46	49	46	0.34	65	0.0
2024-11-20 12:49:46	49	46	0.35	65	0.0
2024-11-20 12:49:46	49	46	0.35	65	0.0
2024-11-20 12:49:46	49	46	0.35	65	0.0
2024-11-20 12:49:46	49	46	0.35	65	0.0
2024-11-20 12:49:46	49	46	0.35	65	0.0
2024-11-20 12:49:46	49	46	0.35	65	0.0
2024-11-20 12:49:46	49	46	0.35	65	0.0
2024-11-20 12:49:46	49	46	0.35	65	0.0
2024-11-20 12:49:46	49	46	0.34	65	0.0
2024-11-20 12:49:46	49	46	0.34	65	0.0
2024-11-20 12:49:46	49	46	0.35	65	0.0
2024-11-20 12:49:47	49	47	0.34	65	0.0
2024-11-20 12:49:47	49	47	0.35	65	0.0
2024-11-20 12:49:47	49	47	0.34	65	0.0
2024-11-20 12:49:47	49	47	0.34	65	0.0
2024-11-20 12:49:47	49	47	0.34	65	0.0
2024-11-20 12:49:47	49	47	0.34	65	0.0
2024-11-20 12:49:47	49	47	0.35	65	0.0
2024-11-20 12:49:47	49	47	0.34	65	0.0
2024-11-20 12:49:47	49	47	0.34	65	0.0
2024-11-20 12:49:47	49	47	0.35	65	0.0
2024-11-20 12:49:47	49	47	0.35	65	0.0
2024-11-20 12:49:47	49	47	0.34	65	0.0
2024-11-20 12:49:47	49	47	0.34	65	0.0
2024-11-20 12:49:47	49	47	0.35	65	0.0
2024-11-20 12:49:47	49	47	0.35	65	0.0
2024-11-20 12:49:47	49	47	0.35	65	0.0
2024-11-20 12:49:47	49	47	0.35	65	0.0
2024-11-20 12:49:47	49	47	0.35	65	0.0
2024-11-20 12:49:47	49	47	0.35	65	0.0
2024-11-20 12:49:47	49	47	0.35	65	0.0
2024-11-20 12:49:47	49	47	0.35	65	0.0
2024-11-20 12:49:47	49	47	0.34	65	0.0
2024-11-20 12:49:47	49	47	0.34	65	0.0
2024-11-20 12:49:47	49	47	0.34	65	0.0
2024-11-20 12:49:47	49	47	0.35	65	0.0
2024-11-20 12:49:47	49	47	0.35	65	0.0
2024-11-20 12:49:47	49	47	0.34	65	0.0
2024-11-20 12:49:47	49	47	0.3	65	0.0
2024-11-20 12:49:47	49	47	0.23	65	0.0
2024-11-20 12:49:48	49	48	0.23	65	0.0
2024-11-20 12:49:48	49	48	0.26	65	0.0
2024-11-20 12:49:48	49	48	0.32	66	0.0
2024-11-20 12:49:48	49	48	0.33	66	0.0
2024-11-20 12:49:48	49	48	0.34	66	0.0
2024-11-20 12:49:48	49	48	0.34	66	0.0
2024-11-20 12:49:48	49	48	0.34	66	0.0
2024-11-20 12:49:48	49	48	0.35	66	0.0
2024-11-20 12:49:48	49	48	0.35	66	0.0
2024-11-20 12:49:48	49	48	0.35	66	0.0
2024-11-20 12:49:48	49	48	0.35	66	0.0
2024-11-20 12:49:48	49	48	0.35	66	0.0
2024-11-20 12:49:48	49	48	0.35	66	0.0
2024-11-20 12:49:48	49	48	0.35	66	0.0
2024-11-20 12:49:48	49	48	0.35	66	0.0
2024-11-20 12:49:48	49	48	0.35	66	0.0
2024-11-20 12:49:48	49	48	0.35	66	0.0
2024-11-20 12:49:48	49	48	0.35	66	0.0
2024-11-20 12:49:48	49	48	0.35	66	0.0
2024-11-20 12:49:48	49	48	0.35	66	0.0
2024-11-20 12:49:48	49	48	0.35	66	0.0
2024-11-20 12:49:48	49	48	0.35	66	0.0
2024-11-20 12:49:48	49	48	0.35	66	0.0
2024-11-20 12:49:48	49	48	0.35	66	0.0
2024-11-20 12:49:48	49	48	0.35	66	0.0
2024-11-20 12:49:48	49	48	0.34	66	0.0
2024-11-20 12:49:48	49	48	0.34	66	0.0
2024-11-20 12:49:48	49	48	0.35	66	0.0
2024-11-20 12:49:48	49	48	0.34	66	0.0
2024-11-20 12:49:48	49	48	0.34	66	0.0
2024-11-20 12:49:49	49	49	0.35	66	0.0
2024-11-20 12:49:49	49	49	0.34	66	0.0
2024-11-20 12:49:49	49	49	0.34	66	0.0
2024-11-20 12:49:49	49	49	0.35	66	0.0
2024-11-20 12:49:49	49	49	0.34	66	0.0
2024-11-20 12:49:49	49	49	0.34	66	0.0
2024-11-20 12:49:49	49	49	0.34	66	0.0
2024-11-20 12:49:49	49	49	0.32	66	0.0
2024-11-20 12:49:49	49	49	0.23	66	0.0
2024-11-20 12:49:49	49	49	0.23	66	0.0
2024-11-20 12:49:49	49	49	0.23	66	0.0
2024-11-20 12:49:49	49	49	0.27	66	0.0
2024-11-20 12:49:49	49	49	0.26	66	0.0
2024-11-20 12:49:49	49	49	0.32	67	0.0
2024-11-20 12:49:49	49	49	0.33	67	0.0
2024-11-20 12:49:49	49	49	0.34	67	0.0
2024-11-20 12:49:49	49	49	0.34	67	0.0
2024-11-20 12:49:49	49	49	0.35	67	0.0
2024-11-20 12:49:49	49	49	0.35	67	0.0
2024-11-20 12:49:49	49	49	0.35	67	0.0
2024-11-20 12:49:49	49	49	0.35	67	0.0
2024-11-20 12:49:49	49	49	0.35	67	0.0
2024-11-20 12:49:49	49	49	0.35	67	0.0
2024-11-20 12:49:49	49	49	0.35	67	0.0
2024-11-20 12:49:49	49	49	0.35	67	0.0
2024-11-20 12:49:49	49	49	0.34	67	0.0
2024-11-20 12:49:49	49	49	0.35	67	0.0
2024-11-20 12:49:49	49	49	0.35	67	0.0
2024-11-20 12:49:49	49	49	0.35	67	0.0
2024-11-20 12:49:49	49	49	0.35	67	0.0
2024-11-20 12:49:49	49	49	0.35	67	0.0
2024-11-20 12:49:50	49	50	0.35	67	0.0
2024-11-20 12:49:50	49	50	0.36	67	0.0
2024-11-20 12:49:50	49	50	0.36	67	0.0
2024-11-20 12:49:50	49	50	0.36	67	0.0
2024-11-20 12:49:50	49	50	0.36	67	0.0
2024-11-20 12:49:50	49	50	0.36	67	0.0
2024-11-20 12:49:50	49	50	0.36	67	0.0
2024-11-20 12:49:50	49	50	0.36	67	0.0
2024-11-20 12:49:50	49	50	0.36	67	0.0
2024-11-20 12:49:50	49	50	0.36	67	0.0
2024-11-20 12:49:50	49	50	0.33	67	0.0
2024-11-20 12:49:50	49	50	0.25	67	0.0
2024-11-20 12:49:50	49	50	0.24	67	0.0
2024-11-20 12:49:50	49	50	0.24	67	0.0
2024-11-20 12:49:50	49	50	0.31	68	0.0
2024-11-20 12:49:50	49	50	0.33	68	0.0
2024-11-20 12:49:50	49	50	0.34	68	0.0
2024-11-20 12:49:50	49	50	0.34	68	0.0
2024-11-20 12:49:50	49	50	0.34	68	0.0
2024-11-20 12:49:50	49	50	0.35	68	0.0
2024-11-20 12:49:50	49	50	0.35	68	0.0
2024-11-20 12:49:50	49	50	0.35	68	0.0
2024-11-20 12:49:50	49	50	0.35	68	0.0
2024-11-20 12:49:50	49	50	0.35	68	0.0
2024-11-20 12:49:50	49	50	0.35	68	0.0
2024-11-20 12:49:50	49	50	0.35	68	0.0
2024-11-20 12:49:50	49	50	0.35	68	0.0
2024-11-20 12:49:50	49	50	0.35	68	0.0
2024-11-20 12:49:50	49	50	0.36	68	0.0
2024-11-20 12:49:50	49	50	0.36	68	0.0
2024-11-20 12:49:51	49	51	0.36	68	0.0
2024-11-20 12:49:51	49	51	0.36	68	0.0
2024-11-20 12:49:51	49	51	0.36	68	0.0
2024-11-20 12:49:51	49	51	0.36	68	0.0
2024-11-20 12:49:51	49	51	0.36	68	0.0
2024-11-20 12:49:51	49	51	0.36	68	0.0
2024-11-20 12:49:51	49	51	0.36	68	0.0
2024-11-20 12:49:51	49	51	0.36	68	0.0
2024-11-20 12:49:51	49	51	0.36	68	0.0
2024-11-20 12:49:51	49	51	0.36	68	0.0
2024-11-20 12:49:51	49	51	0.36	68	0.0
2024-11-20 12:49:51	49	51	0.35	68	0.0
2024-11-20 12:49:51	49	51	0.35	68	0.0
2024-11-20 12:49:51	49	51	0.36	68	0.0
2024-11-20 12:49:51	49	51	0.35	68	0.0
2024-11-20 12:49:51	49	51	0.36	68	0.0
2024-11-20 12:49:51	49	51	0.35	68	0.0
2024-11-20 12:49:51	49	51	0.35	68	0.0
2024-11-20 12:49:51	49	51	0.35	68	0.0
2024-11-20 12:49:51	49	51	0.35	68	0.0
2024-11-20 12:49:51	49	51	0.36	68	0.0
2024-11-20 12:49:51	49	51	0.35	68	0.0
2024-11-20 12:49:51	49	51	0.35	68	0.0
2024-11-20 12:49:51	49	51	0.35	68	0.0
2024-11-20 12:49:51	49	51	0.35	68	0.0
2024-11-20 12:49:51	49	51	0.35	68	0.0
2024-11-20 12:49:51	49	51	0.35	68	0.0
2024-11-20 12:49:51	49	51	0.36	68	0.0
2024-11-20 12:49:51	49	51	0.35	68	0.0
2024-11-20 12:49:52	49	52	0.35	68	0.0
2024-11-20 12:49:52	49	52	0.36	68	0.0
2024-11-20 12:49:52	49	52	0.35	68	0.0
2024-11-20 12:49:52	49	52	0.36	68	0.0
2024-11-20 12:49:52	49	52	0.35	68	0.0
2024-11-20 12:49:52	49	52	0.36	68	0.0
2024-11-20 12:49:52	49	52	0.36	68	0.0
2024-11-20 12:49:52	49	52	0.36	68	0.0
2024-11-20 12:49:52	49	52	0.36	68	0.0
2024-11-20 12:49:52	49	52	0.36	68	0.0
2024-11-20 12:49:52	49	52	0.36	68	0.0
2024-11-20 12:49:52	49	52	0.36	68	0.0
2024-11-20 12:49:52	49	52	0.36	68	0.0
2024-11-20 12:49:52	49	52	0.36	68	0.0
2024-11-20 12:49:52	49	52	0.36	68	0.0
2024-11-20 12:49:52	49	52	0.35	68	0.0
2024-11-20 12:49:52	49	52	0.35	68	0.0
2024-11-20 12:49:52	49	52	0.35	68	0.0
2024-11-20 12:49:52	49	52	0.35	68	0.0
2024-11-20 12:49:52	49	52	0.35	68	0.0
2024-11-20 12:49:52	49	52	0.35	68	0.0
2024-11-20 12:49:52	49	52	0.35	68	0.0
2024-11-20 12:49:52	49	52	0.35	68	0.0
2024-11-20 12:49:52	49	52	0.35	68	0.0
2024-11-20 12:49:52	49	52	0.35	68	0.0
2024-11-20 12:49:52	49	52	0.24	68	0.0
2024-11-20 12:49:52	49	52	0.24	68	0.0
2024-11-20 12:49:52	49	52	0.24	68	0.0
2024-11-20 12:49:52	49	52	0.28	68	0.0
2024-11-20 12:49:52	49	52	0.33	69	0.0
2024-11-20 12:49:53	49	53	0.33	69	0.0
2024-11-20 12:49:53	49	53	0.34	69	0.0
2024-11-20 12:49:53	49	53	0.34	69	0.0
2024-11-20 12:49:53	49	53	0.34	69	0.0
2024-11-20 12:49:53	49	53	0.35	69	0.0
2024-11-20 12:49:53	49	53	0.35	69	0.0
2024-11-20 12:49:53	49	53	0.35	69	0.0
2024-11-20 12:49:53	49	53	0.35	69	0.0
2024-11-20 12:49:53	49	53	0.34	69	0.0
2024-11-20 12:49:53	49	53	0.34	69	0.0
2024-11-20 12:49:53	49	53	0.34	69	0.0
2024-11-20 12:49:53	49	53	0.35	69	0.0
2024-11-20 12:49:53	49	53	0.35	69	0.0
2024-11-20 12:49:53	49	53	0.35	69	0.0
2024-11-20 12:49:53	49	53	0.35	69	0.0
2024-11-20 12:49:53	49	53	0.35	69	0.0
2024-11-20 12:49:53	49	53	0.35	69	0.0
2024-11-20 12:49:53	49	53	0.35	69	0.0
2024-11-20 12:49:53	49	53	0.35	69	0.0
2024-11-20 12:49:53	49	53	0.35	69	0.0
2024-11-20 12:49:53	49	53	0.35	69	0.0
2024-11-20 12:49:53	49	53	0.35	69	0.0
2024-11-20 12:49:53	49	53	0.35	69	0.0
2024-11-20 12:49:53	49	53	0.35	69	0.0
2024-11-20 12:49:53	49	53	0.35	69	0.0
2024-11-20 12:49:53	49	53	0.35	69	0.0
2024-11-20 12:49:53	49	53	0.35	69	0.0
2024-11-20 12:49:53	49	53	0.35	69	0.0
2024-11-20 12:49:53	49	53	0.35	69	0.0
2024-11-20 12:49:53	49	53	0.35	69	0.0
2024-11-20 12:49:53	49	53	0.35	69	0.0
2024-11-20 12:49:54	49	54	0.35	69	0.0
2024-11-20 12:49:54	49	54	0.35	69	0.0
2024-11-20 12:49:54	49	54	0.35	69	0.0
2024-11-20 12:49:54	49	54	0.35	69	0.0
2024-11-20 12:49:54	49	54	0.35	69	0.0
2024-11-20 12:49:54	49	54	0.35	69	0.0
2024-11-20 12:49:54	49	54	0.35	69	0.0
2024-11-20 12:49:54	49	54	0.35	69	0.0
2024-11-20 12:49:54	49	54	0.35	69	0.0
2024-11-20 12:49:54	49	54	0.35	69	0.0
2024-11-20 12:49:54	49	54	0.35	69	0.0
2024-11-20 12:49:54	49	54	0.35	69	0.0
2024-11-20 12:49:54	49	54	0.35	69	0.0
2024-11-20 12:49:54	49	54	0.35	69	0.0
2024-11-20 12:49:54	49	54	0.35	69	0.0
2024-11-20 12:49:54	49	54	0.35	69	0.0
2024-11-20 12:49:54	49	54	0.35	69	0.0
2024-11-20 12:49:54	49	54	0.35	69	0.0
2024-11-20 12:49:54	49	54	0.35	69	0.0
2024-11-20 12:49:54	49	54	0.35	69	0.0
2024-11-20 12:49:54	49	54	0.35	69	0.0
2024-11-20 12:49:54	49	54	0.35	69	0.0
2024-11-20 12:49:54	49	54	0.35	0	69
2024-11-20 12:49:54	49	54	0.35	0	69
2024-11-20 12:49:54	49	54	0.35	0	69
2024-11-20 12:49:54	49	54	0.34	0	69
2024-11-20 12:49:54	49	54	0.34	0	69
2024-11-20 12:49:54	49	54	0.34	0	69
2024-11-20 12:49:54	49	54	0.34	0	69
2024-11-20 12:49:54	49	54	0.35	0	69
2024-11-20 12:49:55	49	55	0.35	0	69
2024-11-20 12:49:55	49	55	0.35	0	69
2024-11-20 12:49:55	49	55	0.35	0	69
2024-11-20 12:49:55	49	55	0.35	0	69
2024-11-20 12:49:55	49	55	0.35	0	69
2024-11-20 12:49:55	49	55	0.35	0	69
2024-11-20 12:49:55	49	55	0.35	0	69
2024-11-20 12:49:55	49	55	0.35	0	69
2024-11-20 12:49:55	49	55	0.35	0	69
2024-11-20 12:49:55	49	55	0.35	0	69
2024-11-20 12:49:55	49	55	0.35	0	69
2024-11-20 12:49:55	49	55	0.35	0	69
2024-11-20 12:49:55	49	55	0.35	0	69
2024-11-20 12:49:55	49	55	0.35	0	69
2024-11-20 12:49:55	49	55	0.35	0	69
2024-11-20 12:49:55	49	55	0.35	0	69
2024-11-20 12:49:55	49	55	0.35	0	69
2024-11-20 12:49:55	49	55	0.35	0	69
2024-11-20 12:49:55	49	55	0.35	0	69
2024-11-20 12:49:55	49	55	0.35	0	69
2024-11-20 12:49:55	49	55	0.35	0	69
2024-11-20 12:49:55	49	55	0.35	0	69
2024-11-20 12:49:55	49	55	0.35	0	69
2024-11-20 12:49:55	49	55	0.35	0	69
2024-11-20 12:49:55	49	55	0.35	0	69
2024-11-20 12:49:55	49	55	0.36	0	69
2024-11-20 12:49:55	49	55	0.35	0	69
2024-11-20 12:49:55	49	55	0.35	0	69
2024-11-20 12:49:55	49	55	0.35	0	69
2024-11-20 12:49:55	49	55	0.35	0	69
2024-11-20 12:49:56	49	56	0.23	0	69
2024-11-20 12:49:56	49	56	0.25	0	69
2024-11-20 12:49:56	49	56	0.31	0	69
2024-11-20 12:49:56	49	56	0.33	0	69
2024-11-20 12:49:56	49	56	0.34	0	69
2024-11-20 12:49:56	49	56	0.34	0	69
2024-11-20 12:49:56	49	56	0.35	0	69
2024-11-20 12:49:56	49	56	0.35	0	69
2024-11-20 12:49:56	49	56	0.35	0	69
2024-11-20 12:49:56	49	56	0.35	0	69
2024-11-20 12:49:56	49	56	0.35	0	69
2024-11-20 12:49:56	49	56	0.35	0	69
2024-11-20 12:49:56	49	56	0.35	0	69
2024-11-20 12:49:56	49	56	0.35	0	69
2024-11-20 12:49:56	49	56	0.34	0	69
2024-11-20 12:49:56	49	56	0.35	0	69
2024-11-20 12:49:56	49	56	0.35	0	69
2024-11-20 12:49:56	49	56	0.35	0	69
2024-11-20 12:49:56	49	56	0.36	0	69
2024-11-20 12:49:56	49	56	0.36	0	69
2024-11-20 12:49:56	49	56	0.36	0	69
2024-11-20 12:49:56	49	56	0.35	0	69
2024-11-20 12:49:56	49	56	0.35	0	69
2024-11-20 12:49:56	49	56	0.34	0	69
2024-11-20 12:49:56	49	56	0.34	0	69
2024-11-20 12:49:56	49	56	0.35	0	69
2024-11-20 12:49:56	49	56	0.34	0	69
2024-11-20 12:49:56	49	56	0.35	0	69
2024-11-20 12:49:56	49	56	0.35	0	69
2024-11-20 12:49:56	49	56	0.35	0	69
2024-11-20 12:49:57	49	57	0.33	0	69
2024-11-20 12:49:57	49	57	0.34	0	69
2024-11-20 12:49:57	49	57	0.34	0	69
2024-11-20 12:49:57	49	57	0.35	0	69
2024-11-20 12:49:57	49	57	0.35	0	69
2024-11-20 12:49:57	49	57	0.34	0	69
2024-11-20 12:49:57	49	57	0.34	0	69
2024-11-20 12:49:57	49	57	0.36	0	69
2024-11-20 12:49:57	49	57	0.36	0	69
2024-11-20 12:49:57	49	57	0.36	0	69
2024-11-20 12:49:57	49	57	0.36	0	69
2024-11-20 12:49:57	49	57	0.36	0	69
2024-11-20 12:49:57	49	57	0.36	0	69
2024-11-20 12:49:57	49	57	0.36	0	69
2024-11-20 12:49:57	49	57	0.37	0	69
2024-11-20 12:49:57	49	57	0.35	0	69
2024-11-20 12:49:57	49	57	0.24	0	69
2024-11-20 12:49:57	49	57	0.24	0	69
2024-11-20 12:49:57	49	57	0.24	0	69
2024-11-20 12:49:57	49	57	0.29	0	69
2024-11-20 12:49:57	49	57	0.33	1	69
2024-11-20 12:49:57	49	57	0.35	1	69
2024-11-20 12:49:57	49	57	0.37	1	69
2024-11-20 12:49:57	49	57	0.38	1	69
2024-11-20 12:49:57	49	57	0.38	1	69
2024-11-20 12:49:57	49	57	0.36	1	69
2024-11-20 12:49:57	49	57	0.34	1	69
2024-11-20 12:49:57	49	57	0.27	1	69
2024-11-20 12:49:57	49	57	0.26	1	69
2024-11-20 12:49:58	49	58	0.25	1	69
2024-11-20 12:49:58	49	58	0.31	2	69
2024-11-20 12:49:58	49	58	0.36	2	69
2024-11-20 12:49:58	49	58	0.38	2	69
2024-11-20 12:49:58	49	58	0.39	2	69
2024-11-20 12:49:58	49	58	0.39	2	69
2024-11-20 12:49:58	49	58	0.4	2	69
2024-11-20 12:49:58	49	58	0.4	2	69
2024-11-20 12:49:58	49	58	0.39	2	69
2024-11-20 12:49:58	49	58	0.38	2	69
2024-11-20 12:49:58	49	58	0.28	2	69
2024-11-20 12:49:58	49	58	0.27	2	69
2024-11-20 12:49:58	49	58	0.26	2	69
2024-11-20 12:49:58	49	58	0.26	2	69
2024-11-20 12:49:58	49	58	0.33	3	69
2024-11-20 12:49:58	49	58	0.35	3	69
2024-11-20 12:49:58	49	58	0.37	3	69
2024-11-20 12:49:58	49	58	0.38	3	69
2024-11-20 12:49:58	49	58	0.38	3	69
2024-11-20 12:49:58	49	58	0.39	3	69
2024-11-20 12:49:58	49	58	0.38	3	69
2024-11-20 12:49:58	49	58	0.29	3	69
2024-11-20 12:49:58	49	58	0.27	3	69
2024-11-20 12:49:58	49	58	0.25	3	69
2024-11-20 12:49:58	49	58	0.24	3	69
2024-11-20 12:49:58	49	58	0.28	3	69
2024-11-20 12:49:58	49	58	0.33	4	69
2024-11-20 12:49:58	49	58	0.35	4	69
2024-11-20 12:49:58	49	58	0.36	4	69
2024-11-20 12:49:58	49	58	0.36	4	69
2024-11-20 12:49:59	49	59	0.37	4	69
2024-11-20 12:49:59	49	59	0.37	4	69
2024-11-20 12:49:59	49	59	0.37	4	69
2024-11-20 12:49:59	49	59	0.34	4	69
2024-11-20 12:49:59	49	59	0.26	4	69
2024-11-20 12:49:59	49	59	0.26	4	69
2024-11-20 12:49:59	49	59	0.25	4	69
2024-11-20 12:49:59	49	59	0.32	4	69
2024-11-20 12:49:59	49	59	0.34	4	69
2024-11-20 12:49:59	49	59	0.36	4	69
2024-11-20 12:49:59	49	59	0.38	4	69
2024-11-20 12:49:59	49	59	0.38	4	69
2024-11-20 12:49:59	49	59	0.38	4	69
2024-11-20 12:49:59	49	59	0.38	4	69
2024-11-20 12:49:59	49	59	0.38	4	69
2024-11-20 12:49:59	49	59	0.37	4	69
2024-11-20 12:49:59	49	59	0.26	4	69
2024-11-20 12:49:59	49	59	0.26	4	69
2024-11-20 12:49:59	49	59	0.26	4	69
2024-11-20 12:49:59	49	59	0.28	4	69
2024-11-20 12:49:59	49	59	0.34	5	69
2024-11-20 12:49:59	49	59	0.37	5	69
2024-11-20 12:49:59	49	59	0.4	5	69
2024-11-20 12:49:59	49	59	0.41	5	69
2024-11-20 12:49:59	49	59	0.41	5	69
2024-11-20 12:49:59	49	59	0.41	5	69
2024-11-20 12:49:59	49	59	0.41	5	69
2024-11-20 12:49:59	49	59	0.41	5	69
2024-11-20 12:49:59	49	59	0.41	5	69
2024-11-20 12:49:59	49	59	0.38	5	69
2024-11-20 12:49:59	49	59	0.33	5	69
2024-11-20 12:50:00	50	0	0.25	5	69
2024-11-20 12:50:00	50	0	0.25	5	69
2024-11-20 12:50:00	50	0	0.26	5	69
2024-11-20 12:50:00	50	0	0.27	5	69
2024-11-20 12:50:00	50	0	0.27	5	69
2024-11-20 12:50:00	50	0	0.28	5	69
2024-11-20 12:50:00	50	0	0.28	5	69
2024-11-20 12:50:00	50	0	0.28	5	69
2024-11-20 12:50:00	50	0	0.29	5	69
2024-11-20 12:50:00	50	0	0.29	5	69
2024-11-20 12:50:00	50	0	0.32	6	69
2024-11-20 12:50:00	50	0	0.32	6	69
2024-11-20 12:50:00	50	0	0.32	6	69
2024-11-20 12:50:00	50	0	0.32	6	69
2024-11-20 12:50:00	50	0	0.34	6	69
2024-11-20 12:50:00	50	0	0.3	6	69
2024-11-20 12:50:00	50	0	0.33	6	69
2024-11-20 12:50:00	50	0	0.32	6	69
2024-11-20 12:50:00	50	0	0.33	6	69
2024-11-20 12:50:00	50	0	0.34	6	69
2024-11-20 12:50:00	50	0	0.4	6	69
